210
242
275
457
912
949
1000
1019
1039
1058
1077
1143
1200
1208
1251
1254
1307
1327
1345
1376
1398
1569
1589
1609
1641
1644
1680
1692
1705
1745
1805
1845
1885
1905
1930
1950
2289
2306
2326
2345
2365
2385
2405
2425
2430
2450
2475
2540
2560
2580
2600
2620
2661
2664
2667
2670
2695
2792
2846
2858
2914
2983
3011
3025
3065
3105
3125
3205
3225
3302
3328
3331
3365
3407
3450
3470
3491
3513
3555
3566
3575
3587
3650
3670
3689
3728
3766
3801
3811
3821
3832
4013
4022
4028
4032
4039
4042
4052
4061
4065
4071
4076
4081
4087
4107
4135
4153
4172
4192
4245
4285
4305
4310
4330
4360
4370
4390
4430
4436
4477
4512
4542
4553
4573
4635
4639
4643
4657
4668
4707
4716
4741
4754
4760
4771
4795
4801
4841
4870
4890
4907
4910
4913
4940
4963
5021
5041
5044
5099
5125
5135
5140
5145
5157
5182
5187
5192
5225
5258
5278
5298
5303
5312
5322
5332
5337
5347
5352
5357
5362
5367
5372
5417
5437
5442
5447
5452
5462
5510
5544
5553
5559
5568
5578
5582
5586
5591
5616
5633
5638
5701
5720
5725
5745
5750
5755
5760
5764
5768
5771
5774
5777
5782
5789
5794
5799
5803
5843
5863
5883
5902
5922
5939
5943
5960
5969
5974
5985
5990
6000
6010
6015
6021
6026
6036
6042
6047
6060
6069
6089
6100
6112
6123
6134
6176
6186
6198
6220
6254
6261
6275
6295
6347
6367
6387
6407
6425
6439
6444
6449
6494
6514
6543
6563
6583
6603
6623
6643
6663
6683
6688
6693
6698
6708
6713
6739
6800
6820
6840
6845
6850
6855
6860
6865
6870
6875
6885
6890
6907
6919
6922
6930
6936
6954
6998
7018
7038
7044
7064
7084
7104
7114
7134
7144
7199
7209
7224
7236
7246
7256
7266
7276
7286
7306
7316
7338
7356
7386
7408
7431
7446
7452
7472
7504
7544
7564
7576
7596
7607
7612
7629
7635
7640
7664
7689
7717
7737
7757
7777
7797
7805
7830
7840
7855
7860
7877
7881
7886
7896
7902
7911
7916
7921
7928
7933
7968
8009
8078
8097
8107
8116
8136
8156
8186
8226
8236
8260
8278
8298
8306
8326
8341
8361
8377
8399
8416
8436
8456
8474
8494
8519
8530
8547
8554
8559
8569
8577
8594
8601
8606
8626
8629
8633
8637
8652
8666
8677
8688
8699
8710
8721
8734
8738
8764
8766
8771
8801
8811
8819
8835
8839
8843
8863
8883
8903
8923
8931
8987
8996
9015
9043
9057
9062
9068
9073
9078
9082
9098
9133
9149
9174
9186
9192
9217
9237
9277
9337
9357
9386
9446
9498
9521
9524
9540
9570
9580
9590
9600
9616
9640
9660
9680
9690
9708
9716
9720
9733
9740
9765
9797
9807
9965
9976
9996
10011
10021
10026
10031
10036
10041
10056
10071
10086
10101
10111
10116
10121
10126
10131
10136
10156
10161
10168
10173
10188
10213
10233
10273
10293
10313
10319
10328
10343
10353
10363
10383
10391
10406
10411
10442
10482
10487
10497
10507
10519
10526
10533
10589
10597
10609
10615
10635
10650
10661
10676
10681
10687
10707
10717
10737
10757
10777
10837
10877
10897
10915
10935
10945
10952
10973
10983
10993
11001
11021
11031
11039
11047
11057
11067
11072
11082
11092
11112
11152
11172
11182
11192
11202
11232
11242
11252
11262
11292
11302
11322
11362
11382
11412
11452
11472
11502
11512
11532
11542
11562
11582
11602
11622
11632
11658
11674
11694
11714
11724
11736
11740
11780
11820
11840
11856
		
