1845
1885
1905
1930
6543
6563
6583
6603
6623
6643
6663
6683
6688
6693
6698
6708
6713
9740
10011
10021
10026
10031
10036
10101
10111
10116
10121
10126
10131
10136
10156
10161
10168
10173
10188
10213
10233
10273
10293
10717
10737
10757
10777
10837
10877
10897
10915
10935
10945
10952
10973
10983
10993
11001
11021
11031
11039
11047
11057
11067
11072
11082
11092
11112
11152
11172
11182
11192
11202
11232
11242
11252
11262
11292
11302
11322
11362
11382
11412
11452
11472
11502
11512
11532
11542
11562
11582
11602
11622
11632
11658
11674
11694
11714
11724
11736
11740
11780
11820
11840
11856