4583
4584
4585
4586
4587
4588
4589
4590
4591
4592
4593
4594
4636
4637
4638
4639
4640
4641
4642
4643
4644
4645
4646
4647
4648
4649
4650
4786
4795
4797
4799
4801
4803
4805
4807
4809
4815
4821
4823
4825
4827
4829
4833
4835
4837
4839
4855
4857
4859
6001
6003
6005
6007
6009
6011
6013
6015
6017
6019
6021
6023
6025
6027
6029
6031
6033
6035
6037
6039
6041
6043
6045
6047
6049
6051
6053
6055
6057
6059
6061
6063
6065
6067
6069
6071
6073
6075
6077
6191
6193
6195
6197
6199
6201
6203
6205
6207
6209
6211
6213
6215
6217
6219
6221
6223
6225
6227
6229
6231
6233
6235
6237
6239
6241
6243
6245
6247
6249
6251
6253
6255
6257
6259
6261
6263
6265
6267
6269
6271
6273
6275
6277
6279
6281
6283
6285
6287
6289
6291
6293
6295
6297
6299
6301
6303
6305
6307
6309
6311
6313
6315
6317
6319
6321
6323
6325
6327
6329
6331
6333
6335
6379
6381
6383
6385
6387
6389
6391
6393
6395
6397
6399
6401
6403
6405
6407
6409
6411
6413
6415
6417
6419
6421
6423
6425
6427
6429
6431
6433
6435
6867
6869
6871
6873
6875
6877
6879
6881
6883
6885
6887
6889
6891
6893
6895
6897
6899
6901
6903
6905
6907
6909
6911
6913
6915
6917
6919
6921
6923
6925
6927
6929
6931
6933
6935
6937
6939
6941
6943
6945
6947
6949
6951
6953
6955
6957
6959
6961
6963
6965
6967
6969
6971
6973
6975
6977
6979
6981
6983
6985
6987
6989
6991
6993
6995
6997
6999
19129
19131
19133
19135
19137
19139
19141
19143
19145
19147
19149
19151
19153
19155
19157
19159
19161
19163
19165
19167
19169
19171
19173
19175
19177
19639
19641
19643
19645
19647
19649
19651
19653
19655
19657
19659
19661
19713
19714
19715
19716
19717
19718
19719
19720
19721
19722
19723
19724
19725
19726
19727
19728
19729
19730
19731
19732
19733
19734
19735
19736
19737
19899
19901
19903
19905
19907
19909
19911
19913
19915
19917
19919
19921
19923
19925
19927
19929
19931
19933
19935
19937
19939
19941
19943
19945
19947
19949
19951
19979
19981
19983
19985
19987
19989
19991
19993
19995
19997
19999
20001
20003
20005
20007
20009
20011
20013
20015
20017
20019
20021
20023
20025
20027
20029
20031
20033
20035
20037
20039
20041
20043
20045
20047
20049
20051
26094
26095
26096
26097
26099
26113
26147
26148
26163
26197
26199
26203
26205
26215
26216
26220
26221
26227
26228
26229
26244
26305
26315
26324
26326
26327
26328
26329
26337
26340
26341
26342
26346
26358
27238
27240
27242
27243
27244
27247
27249
27250
27265
27266
27267
27268
27269
27270
27271
27272
27273
27277
27280
27284
27285
27286
27287
27288
27289
27320
27321
27322
27323
27324
27325
27326
27327
27328
27329
27336
27337
27338
27339
27340
27341
27342
27343
27344
27345
27346
27347
27349
27350
27351
27352
27353
27357
27358
27431
27432
27436
27439
27440
27441
27442
27443
27444
27582
27589
27590
27591
27592
27601
27603
27604
27605
27606
27610
27611
27612
27613
27614
27615
27616
27617
27618
27619
27620
27621
27623
27624
27631
27632
27633
27634
27635
27636
27637
27638
27640
27743
27744
27745
27746
27747
27748
27750
27757
27758
27759
27760
27761
27762
27763
27764
27765
27766
27767
27768
27769
27770
27771
27772
27773
27774
27775
27776
27777
27778
27779
27789
27790
27791
27792
27793
27794
27795
27796
27797
27798
27799
27800
27808
27809
27817
27821
27823
27824
27826
27827
27828
27829
27833
27834
27835
27836
27837
27843
27844
27845
27857
27858
27859
27862
27864
27866
27867
27868
27869
27870
27871
27872
27873
27874
27875
27876
27877
27878
27879
27880
27881
27882
27883
27884
27885
27886
27892
27893
27894
27895
27896
27897
27898
27900
27906
27907
27908
27909
27910
27913
27914
27916
27917
27918
27919
27920
27921
27922
27923
27924
27925
27926
27927
27929
27930
27932
27933
27934
27935
27936
27937
27938
27939
27940
27941
27943
29538
29539
29540
29541
29542
29543
29544
29545
29546
29547
29548
29549
29550
29551
29552
29553
29554
29555
29556
29557
29558
29559
29560
29561
29562
29563
29564
29565
29566
29567
29568
29569
29570
29571
29572
29573
29574
29575
29576
29577
29578
29579
29580
29650
29651
29652
29653
29654
29655
29656
29657
29658
29659
29660
29661
29662
29663
29664
29665
29666
29667
29668
29669
29670
29671
29672
29673
29674
29675
29676
29677
29678
29679
29680
29681
29682
29683
29684
29685
29686
29687
29688
29689
29690
29691
29692
29693
29694
29695
29696
29697
29698
29699
29700
29701
29702
29703
29704
29705
29706
29707
29708
29709
29710
29711
29712
29713
29714
29715
29716
29717
29718
29719
29720
29721
29722
29723
29724
29725
29726
29727
29728
29729
29730
29731
29732
29733
29734
29735
29736
29737
29738
29739
29740
29741
29742
29743
29744
29745
29746
29747
29748
29749
29750
29751
29752
29753
29754
29755
29756
29757
29758
29759
29760
29761
29762
29763
29764
29765
29766
29767
29768
29769
29770
29771
29772
29773
29774
29775
29776
29777
29778
29779
29780
29781
29782
29783
29784
29785
29786
29787
29788
29789
29790
29791
29792
29793
29794
29795
29796
29797
29798
29799
29800
29801
29802
29803
29804
29805
29806
29807
29808
29809
29810
29811
29812
29813
29814
29815
29816
29817
29818
29819
29820
29821
29822
29823
29824
29825
29826
29827
29828
29829
29830
29831
29832
29833
29834
29904
29905
29906
29907
29908
29909
29910
29911
29912
29913
29914
29915
29916
29917
29918
29919
29920
29921
29922
29923
29924
29925
29926
29927
29928
29929
29930
29931
29932
29933
29934
29935
29936
29937
29938
29939
29940
29941
29942
29943
29944
29945
29946
29947
29948
29949
29950
29951
29952
29953
29954
29955
29956
29957
29958
29959
29960
29961
29962
29963
29964
29965
29966
29967
29968
29969
29970
29971
29972
29973
29974
29975
29976
29977
29978
29979
29980
29981
29982
29983
29984
29985
29986
29987
29988
29989
29990
29991
29992
29993
29994
29995
29996
29997
29998
29999
30000
30001
30002
30003
30004
30005
30006
30007
30008
30009
30010
30011
30012
30013
30014
30015
30016
30017
30018
30019
30020
30021
30022
30023
30024
30025
30026
30027
30028
30029
30030
30031
30032
30033
30034
30035
30036
30037
30038
30039
30040
30041
30042
30043
30044
30045
30046
30047
30048
30049
30050
30051
30052
30053
30054
30055
30056
30057
30058
30059
30060
30061
30062
30063
30064
30065
30066
30467
30469
30471
30473
30475
30477
30479
30481
30483
30485
30487
30489
30491
30493
30495
30497
30499
30501
30503
30505
30507
30509
30511
30513
30515
30517
30519
30521
30523
30525
30527
30529
30531
30533
30535
30537
30539
30541
30543
30545
30547
30549
30551
30553
30555
30557
30559
30561
30563
30565
30567
30569
30571
30573
30575
30577
30579
30581
30583
30585
30587
30589
30591
30593
30595
30597
30599
30601
30603
30605
30607
30609
30611
30613
30615
30617
30619
30621
30623
30625
30627
30629
30631
30633
30635
30637
30639
30641
30643
30645
30647
30649
30651
30653
30655
30657
30659
30661
30663
30665
30667
30669
30671
30673
30675
30677
30679
30681
30683
30685
30687
30689
30691
30693
30695
30697
30699
30701
30703
30705
30707
30709
30711
30713
30715
30717
30719
30721
30723
30725
30727
30729
30731
30733
30735
30737
30739
30741
30743
30745
30747
30749
30751
30753
30755
30757
30759
30761
30763
30765
30767
30769
30771
30773
30775
30777
30779
30781
30783
30785
30787
30789
30791
30793
30795
30797
30799
30801
30803
30805
30807
30809
30811
30813
30815
30817
30819
30821
30823
30825
30827
30829
30831
30833
30835
30837
30839
30841
30843
30845
30847
30849
30851
30853
30855
30857
30859
30861
30863
30865
30867
30869
30871
30873
30875
30877
30879
30881
30883
30885
30887
30889
30891
30893
30895
30897
30899
30901
30903
30905
30907
30909
30911
30913
30915
30917
30919
30921
30923
30925
30927
30929
30931
30933
30935
30937
30939
30941
30943
30945
30947
30949
30951
30953
30955
30957
30959
30961
30963
30965
30967
30969
30971
30973
30975
30977
30979
30981
30983
30985
30987
30989
30991
30993
30995
30997
30999
31001
31003
31005
31007
31009
31011
31013
31015
31017
31019
31021
31023
31025
31273
31275
31277
31279
31281
31283
31285
31287
31289
31291
31293
31295
31297
31299
31301
31303
31305
31307
31309
31311
31313
31315
31317
31319
31321
31409
31411
31413
31415
31417
31419
31421
31423
31425
31427
31429
31431
31433
31435
31437
31439
31441
31443
31445
31447
31449
31451
31453
31455
31457
31707
31709
31711
31713
31715
31717
31719
31721
31723
31725
31727
31729
31731
31733
31735
31737
31739
31741
31743
31745
31747
31749
31751
31753
31755
31757
31759
31761
31763
31765
31767
31769
31771
31773
31775
31777
31779
31781
31783
31785
31787
31789
31791
31793
31795
31797
31799
31801
31803
31805
31807
31809
31811
31813
31815
31817
31819
31821
31823
31825
31827
31829
31831
31833
31835
31837
31839
31841
31843
31845
31847
31849
31851
31853
31855
31857
31859
31861
31863
31865
31867
31869
31871
31873
31875
31877
31879
31881
31883
31885
31887
31889
31891
31893
31895
31897
31899
31901
31903
31905
31907
31909
31911
31913
31915
31917
31919
31921
31923
31925
31927
31929
31931
31933
31935
31937
31939
31941
31943
31945
31947
31949
31951
31953
31955
31957
31959
31961
31963
31965
31967
31969
31971
31973
31975
31977
31979
31981
31983
31985
31987
31989
33199
33201
33203
33205
33207
33209
33211
33213
33215
33217
33219
33221
33223
33225
33227
33229
33231
33233
33235
33237
33239
33241
33243
33245
33247
33249
33251
33253
33255
33257
33259
33261
33263
33265
33267
33269
33271
33273
33275
33277
33279
33281
33283
33285
33287
33289
33291
33293
33295
33297
33299
33301
33303
33305
33307
33309
33311
33313
33315
33317
33319
33321
33323
33325
33327
33329
33331
33333
33335
33337
33339
33341
33343
33345
33347
33349
33351
33353
33355
33357
33359
33361
33363
33365
33367
33369
33371
33373
33375
33377
33379
33381
33383
33385
33387
33389
33391
33393
33395
33397
33399
33401
33403
33405
33407
33409
33411
33413
33415
33417
33419
33421
33423
33425
33427
33429
33431
33433
33435
33437
33439
33441
33443
33445
33447
33449
33451
33453
33455
33457
33459
33461
33463
33465
33467
33469
33471
33473
33475
33477
33479
33481
33483
33485
33487
33489
33491
33493
33495
33497
33499
33501
33503
33505
33507
33509
33511
33513
33515
33517
33519
33521
33523
33525
33527
33529
33531
33533
33535
33537
33539
33541
33543
33545
33547
33549
33551
33553
33555
33557
33559
33561
33563
33565
33567
33569
33571
33573
33575
33577
33579
33581
33583
33585
33587
33589
33591
33593
33595
33597
33599
33601
33603
33605
33607
33609
33611
33613
33615
33617
33619
33621
33623
33625
33627
33629
33631
33633
33635
33637
33639
33641
33643
33645
33647
33649
33651
33653
33655
33657
33659
33661
33663
33665
33667
33669
33671
33673
33675
33677
33679
33681
33683
33685
33687
33689
33691
33693
33695
33697
33699
33701
33703
33705
33707
33709
33711
33713
33715
33717
33719
33721
33723
33725
33727
33729
33731
33733
33735
33737
33739
33859
33861
33863
33865
33867
33869
33871
33873
33875
33877
33879
33881
33883
33885
33887
33889
33891
33893
33895
33897
33899
33901
33903
33905
33907
33909
33911
33913
33915
33917
33919
33921
33923
33925
33927
33929
33931
33933
33935
33937
33939
33941
33943
33945
33947
33949
33951
33953
33955
33957
33959
33961
33963
33965
33967
33969
33971
33973
33975
33977
33979
33981
33983
33985
33987
33989
33991
33993
33995
33997
33999
34001
34003
34005
34007
34009
34011
34013
34015
34017
34019
34021
34023
34025
34027
34029
34031
34033
34035
34037
34039
34041
34043
34045
34047
34049
34051
34053
34055
34057
34059
34061
34063
34065
34067
34069
34071
34073
34075
34077
34079
34081
34083
34085
34087
34089
34091
34093
34095
34097
34099
34101
34103
34105
34107
34109
34111
34113
34115
34117
34119
34121
34123
34125
34127
34129
34131
34133
34135
34137
34139
34141
34143
34145
34147
34149
34151
34153
34155
34157
34159
34161
34163
34165
34167
34169
34171
34173
34175
34177
34179
34181
34183
34185
34187
34189
34191
34193
34195
34197
34199
34201
34203
34205
34207
34209
34211
34213
34215
34217
34219
34221
34223
34225
34227
34229
34231
34233
34235
34237
34239
34241
34243
34245
34247
34249
34251
34253
34255
34257
34259
34261
34263
34265
34267
34269
34271
34273
34275
34277
34279
34281
34283
34285
34287
34289
34291
34293
34295
34297
34299
34301
34303
34305
34307
34309
34311
34313
34315
34317
34319
34321
34323
34325
34327
34329
34331
34333
34335
34337
34339
34341
34343
34345
34347
34349
34351
34353
34355
34357
34359
34361
34363
34365
34367
34369
34371
34373
34375
34377
34379
34381
34383
34385
34387
34389
34391
34393
34395
34397
34399
34401
34403
34405
34407
34409
34411
34413
34415
34417
34419
34421
34423
34425
34427
34429
34431
34433
34435
34437
34439
34441
34443
34445
34447
34449
34451
34453
34455
34457
34459
34461
34463
34465
34467
34469
34471
34473
34475
34477
34479
34481
34483
34485
34487
34489
34491
34493
34495
34497
34499
34501
34503
34505
34507
34509
34511
34513
34515
34517
34519
34521
34523
34525
34527
34529
34531
34533
34535
34537
34539
34541
34543
34545
34547
34549
34551
34553
34555
34703
34705
34707
34709
34711
34713
34715
34717
34719
34721
34723
34725
34727
34729
38077
38079
38081
38083
38085
38087
38089
38091
38093
38095
38097
38099
38101
38103
38105
38107
38109
38111
38113
38115
38117
38119
38121
38123
38125
38127
38129
38131
38133
44407
44409
44411
44413
44415
44417
44419
44421
44423
44425
44427
44429
44431
44433
44435
44437
44439
44441
44443
44445
44447
44449
44451
44453
44455
44457
44459
44461
44463
44465
44467
44469
44471
44473
44475
44477
44479
44481
44483
44485
44487
44489
44491
44493
44495
44497
44499
44501
44503
44505
44507
44509
44511
44513
44515
44517
44519
44521
44523
44525
44527
44529
44531
44533
44535
44537
44539
44541
44543
44545
44547
44549
44551
44553
44555
44557
44559
44561
44563
44565
44567
44569
44571
44573
44575
44577
44579
44581
44583
44585
44587
44589
44591
44593
44595
44597
44599
44601
44603
44605
44607
44609
44611
44613
44615
44617
44619
44621
44623
44625
44627
44629
44631
44633
44635
44637
44639
44641
44643
44645
44647
44649
44651
44653
44655
44657
44659
44661
44663
44665
44667
44669
44671
44673
44675
44677
44679
44681
44683
44685
44687
44689
44691
44693
44695
44697
44699
44701
44703
44705
44707
44709
44711
44713
44715
44717
44719
44721
44723
44725
44727
44729
44731
44733
44735
44737
44739
44741
44743
44745
44747
44749
44751
44753
44755
44757
44759
44761
44763
44765
44767
44769
44771
44773
44775
44777
44779
44781
44783
44785
44787
44789
44791
44793
44795
44797
44799
44801
44803
44805
44807
44809
44811
44813
44815
44817
44819
44821
44823
44825
44827
44829
44831
44833
44835
44837
44839
44841
44843
44845
44847
44849
44909
44911
44913
44915
44917
44919
44921
44923
44925
44927
44929
44931
44933
44935
44937
44939
44941
44943
44945
44947
44949
44951
44953
44955
44957
44959
44961
44963
44965
44967
44969
44971
44973
44975
44977
44979
44981
44983
44985
44987
44989
44991
44993
44995
44997
44999
45001
45003
45005
45007
45009
45011
45013
45015
45017
45019
45021
45023
45025
45027
45029
45031
45033
45035
45037
45039
45041
45043
45045
45047
45049
45051
45053
45055
45057
45059
45061
45063
45065
45067
45069
45071
45073
45075
45077
45079
45081
45083
45085
45087
45089
45091
45093
45095
45097
45099
45101
45103
45105
45107
45109
45111
45113
45115
45117
45119
45121
45123
45125
45127
45129
45131
45133
45135
45137
45139
45141
45143
45145
45147
45149
45151
45153
45155
45157
45159
45161
45163
45165
45167
45169
45171
45173
45175
45177
45179
45181
45183
45185
45187
45189
45191
45193
45195
45197
45199
45201
45203
45205
45207
45209
45211
45213
45215
45217
45219
45221
45223
45225
45227
45229
45231
45233
45235
45237
45239
45241
45243
45245
45247
45249
45251
45253
45255
45257
45259
45261
45263
45265
45267
45269
45271
45273
45275
45277
45279
45281
45283
45285
45287
45289
45291
45293
45295
45297
45299
45301
45303
45305
45307
45309
45311
45313
45315
45317
45319
45321
45323
45325
45327
45329
45331
45333
45335
45337
45339
45341
45343
45345
45347
45349
45351
45353
45355
45357
45359
45361
45363
45365
45367
45369
45371
45373
45375
45377
45379
45381
45383
45385
45387
45389
45391
45393
45395
45397
45399
45401
45403
45405
45407
45409
45411
45413
45415
45417
45419
45421
45423
45425
45427
45429
45431
45433
45435
45437
45439
45441
45443
45445
45447
45449
45451
45453
45455
45457
45459
45461
45463
45465
45467
45469
45471
45473
45475
45477
45479
45481
45483
45485
45487
45489
45491
45493
45495
45497
45499
45501
45503
45505
45507
45509
45511
45513
45515
45517
45519
45521
45523
45525
45527
45529
45531
45533
45535
45537
45539
45541
45543
45545
45547
45549
45551
45553
45555
45557
45559
45561
45563
45565
45567
45569
45571
45573
45575
45577
45579
45581
45583
45585
45587
45589
45591
45593
45595
45597
45599
45601
45603
45605
45607
45609
45611
45613
45615
45617
45619
45621
45623
45625
45627
45629
45631
45633
45635
45637
45639
45641
45643
45645
45647
45649
45651
45653
45655
45657
45659
45661
45663
45665
45667
45669
45671
45673
45675
45677
45679
45681
45683
45685
45687
45689
45691
45693
45695
45697
45699
45701
45703
45705
45707
45709
45711
45713
45715
45717
45719
45721
45723
45725
45727
45729
45731
45733
45735
45737
45739
45741
45743
45745
45747
45749
45751
45753
45755
45757
45759
45761
45763
45765
45767
45769
45771
45773
45775
45777
45779
45781
45783
45785
45787
45789
45791
45793
45795
45797
45799
45801
45803
45805
45807
45809
45811
45813
45815
45817
45819
45821
45823
45825
45827
45829
45831
45833
45835
45837
45839
45841
45843
45845
45847
45849
45851
45853
45855
45857
45859
45861
45863
45865
45867
45869
45871
45873
45875
45877
45879
45881
45883
45885
45887
45889
45891
45893
45895
45897
45899
45901
45903
45905
45907
45909
45911
45913
45915
45917
45919
45921
45923
45925
45927
45929
45931
45933
45935
45937
45939
45941
45943
45945
46035
46037
46039
46041
46043
46045
46047
46049
46051
46053
46055
46057
46059
46061
46063
46065
46067
46069
46071
46073
46075
46077
46079
46081
46083
46085
46087
46089
46091
46093
46095
46097
46099
46101
46103
46105
46107
46109
46111
46113
46115
46117
46119
46121
46123
46125
46127
46129
46131
46133
46135
46137
46139
46141
46143
46145
46147
46149
46151
46153
46155
46157
46159
46161
46163
46165
46167
46169
46171
46173
46175
46177
46179
46181
46183
46185
46187
46189
46191
46193
46195
46197
46199
46201
46203
46205
46207
46209
46211
46213
46215
46217
46219
46221
46223
46225
46227
46229
46231
46233
46235
46237
46239
46241
46243
46245
46247
46249
46251
46253
46255
46257
46259
46261
46263
46265
46267
46269
46271
46273
46275
46277
46279
46281
46283
46285
46287
46289
46291
46293
46295
46297
46299
46301
46303
46305
46307
46309
46311
46313
46315
46317
46319
46321
46323
46325
46327
46329
46331
46333
46335
46337
46339
46341
46343
46345
46347
46349
46351
46353
46355
46357
46359
46361
46363
46365
46367
46369
46371
46373
46375
46377
46379
46381
46383
46385
46387
46389
46391
46393
46395
46397
46399
46401
46403
46405
46407
46409
46411
46413
46415
46417
46419
46421
46423
46425
46427
46429
46431
46433
46435
46437
46439
46441
46443
46445
46447
46449
46451
46453
46455
46457
46459
46461
46463
46465
46467
46469
46471
46473
46475
46477
46479
46481
46483
46485
46487
46489
46491
46493
46495
46497
46499
46501
46503
46505
46507
46509
46511
46513
46515
46517
46519
46521
46581
46583
46585
46587
46589
46591
46593
46595
46597
46599
46601
46603
46605
46607
46609
46611
46613
46615
46617
46619
46621
46623
47007
47009
47011
47013
47015
47017
47019
47021
47023
47025
47027
47029
47031
47033
47035
47037
47039
47041
47043
47045
47047
47049
47051
47053
47055
47057
47059
47061
47063
47065
47067
47069
47071
47073
47075
47077
47079
47081
47083
47085
47087
47089
47091
47093
47095
47097
47099
47101
47103
47105
47107
47109
47111
47113
47115
47117
47119
47121
47123
47125
47127
47129
47131
47133
47135
47137
47139
47141
47143
47145
47147
47149
47151
47153
47155
47157
47159
47161
47163
47165
47167
47169
47171
47173
47175
47177
47179
47181
47183
47185
47187
47189
47191
47193
47195
47197
47199
47201
47203
47205
47207
47209
47211
47213
47215
47217
47219
47221
47223
47225
47227
47229
47231
47233
47235
47237
47239
47241
47243
47245
47247
47249
47251
47253
47255
47257
47259
47261
47263
47265
47267
47269
47271
47273
47275
47277
47279
47281
47283
47285
47287
47289
47291
47293
47295
47297
47299
47301
47303
47305
47307
47309
47311
47313
47315
47317
47319
47321
47323
47325
47327
47329
47331
47333
47335
47337
47339
47341
47343
47345
47347
47349
47351
47353
47355
47357
47359
47361
47363
47365
47367
47369
47371
47373
47375
47377
47379
47381
47383
47385
47387
47389
47391
47393
47395
47397
47399
47401
47403
47405
47407
47409
47411
47413
47415
47417
47419
47421
47423
47425
47427
47429
47431
47433
47435
47437
47439
47441
47443
47445
47447
47449
47451
47453
47455
47457
47459
47461
47463
47465
47467
47469
47471
47473
47475
47477
47479
47481
47483
47485
47487
47489
47491
47493
47495
47497
47499
47501
47503
47505
47507
47509
47511
47513
47515
47517
47519
47521
47523
47525
47527
47529
47531
47533
47535
47537
47539
47541
47543
47545
47547
47549
47551
47553
47555
47557
47559
47561
47563
47565
47567
47569
47571
47573
47575
47577
47579
47581
47583
47585
47587
47589
47591
47593
47595
47597
47599
47601
47603
47605
47607
47609
47611
47613
47615
47617
47619
47621
47623
47625
47627
47629
47631
47633
47635
47637
47639
47641
47643
47645
47647
47649
47651
47653
47655
47657
47659
47661
47663
47665
47667
47669
47671
47673
47675
47677
47679
47681
47683
47685
47687
47689
47691
47693
47695
47697
47699
47701
47703
47705
47707
47709
47711
47713
47715
47717
47719
47721
47723
47725
47727
47729
47731
47733
47735
47737
47739
47741
47743
47745
47747
47749
47751
47753
47755
47757
47759
47761
47763
47765
47767
47769
47771
47773
47775
47777
47779
47781
47783
47785
47787
47789
47791
47793
47795
47797
47799
47801
47803
47805
47807
47809
47811
47813
47815
47817
47819
47821
47823
47825
47827
47829
47831
47833
47835
47837
47839
47841
47843
47845
47847
47849
47851
47853
47855
47857
47859
47861
47863
47865
47867
47869
47871
47873
47875
47877
47879
47881
47883
47885
47887
47889
47891
47893
47895
47897
47899
47901
47903
47905
47907
47909
47911
47913
47915
47917
47919
47921
47923
47925
47927
47929
47931
47933
47935
47937
47939
47941
47943
47945
47947
47949
47951
47953
47955
47957
47959
47961
47963
47965
47967
47969
47971
47973
47975
47977
47979
47981
47983
47985
47987
47989
47991
47993
47995
47997
47999
48001
48003
48005
48007
48009
48011
48013
48015
48017
48019
48021
48023
48025
48027
48029
48031
48033
48035
48037
48039
48041
48043
48045
48047
48049
48051
48053
48055
48057
48059
48061
48063
48065
48067
48069
48071
48073
48075
48077
48079
48081
48083
48085
48087
48089
48091
48093
48519
48521
48523
48525
48527
48529
48531
48533
48535
48537
48539
48541
48543
48545
48547
48549
48551
48553
48555
48557
48559
48561
48563
48565
48567
48569
48571
48573
48575
48577
48579
48581
48583
48585
48587
48589
48591
48593
48595
48597
48599
48601
48603
48605
48607
48609
48611
48613
48615
48617
48619
48621
48623
48625
48627
48629
48631
48633
48635
48637
48639
48641
48643
48645
48647
48649
48651
48653
48655
48657
48659
48661
48663
48665
48667
48669
48671
48673
48675
48677
48679
48681
48683
48685
48687
48689
48691
48693
48695
48697
48699
48701
48703
48705
48707
48709
48711
48713
48715
48717
48719
48721
48723
48725
48727
48729
48731
48733
48735
48737
48739
48741
48743
48745
48747
48749
48751
48753
48755
48757
48759
48761
48763
48765
48767
48769
48771
48773
48775
48777
48779
48781
48783
48785
48787
48789
48791
48793
48795
48797
48799
48801
48803
48805
48807
48809
48811
48813
48815
48817
48819
48821
48823
48825
48827
48829
48831
48833
48835
48837
48839
48841
48843
48845
48847
48849
48851
48853
48855
48857
48859
48861
48863
48865
48867
48869
48871
48873
48875
48877
48879
48881
48883
48885
48887
48889
48891
48893
48895
48897
48899
48901
48903
48905
48907
48909
48911
48913
48915
48917
48919
48921
48923
48925
48927
48929
48931
48933
48935
48937
48939
48941
48943
48945
48947
48949
48951
48953
48955
48957
48959
48961
48963
48965
48967
48969
48971
48973
48975
48977
48979
48981
48983
48985
48987
48989
48991
48993
48995
48997
48999
49001
49003
49005
49007
49009
49011
49013
49015
49017
49019
49021
49023
49025
49027
49029
49031
49033
49035
49037
49039
49041
49043
49045
49047
49049
49051
49053
49055
49057
49059
49061
49063
49065
49067
49069
49071
49073
49075
49077
49079
49245
49246
49247
49248
49249
49250
49251
49252
49253
49254
49255
49256
49257
49258
49259
49260
49261
49262
49263
49264
49265
49266
49267
49268
49269
49270
49271
49272
49273
49274
49275
49276
49277
49278
49279
49280
49281
49282
49283
49284
49285
49286
49287
49288
49289
49290
49291
49292
49293
49294
49295
49296
49297
49298
49299
49300
49301
49302
49303
49304
49305
49306
49307
49308
49309
49310
49311
49312
49313
49314
49315
49316
49317
49318
49319
49320
49321
49322
49323
49324
49325
49326
49327
49328
49329
49330
49331
49332
49333
49334
49335
49336
49337
49338
49339
49340
49341
49342
49343
49344
49345
49346
49347
49348
49349
49350
49351
49352
49353
49354
49655
49657
49659
49661
49663
49665
49667
49669
49671
49673
49675
49677
49679
49681
49683
49685
49687
49689
49691
49693
49695
49697
49699
49701
49703
49893
49894
49895
49896
49897
49898
49899
49900
49901
49902
49903
49904
49905
49906
49907
49908
49909
49910
49911
49912
49913
49914
49915
49916
49917
49918
49919
49920
49921
49922
49923
49924
49925
49926
49927
49928
49979
49981
49983
49985
49987
49989
49991
49993
49995
49997
49999
50001
50003
50005
50007
50009
50011
50013
50015
50017
50019
50021
50023
50025
50027
50029
50031
50033
50035
50037
50039
50041
50043
50045
50047
50049
50051
50053
50055
50057
50059
50061
50063
50065
50067
50069
50071
50073
50075
50077
50079
50081
50083
50085
50087
50089
50091
50093
50095
50097
50099
50101
50103
50105
50107
50109
50111
50113
50115
50117
50119
50121
50123
50125
50127
50129
50131
50133
50135
50137
50139
50141
50143
50145
50147
50149
50151
50153
50155
50157
50159
50161
50163
50165
50167
50169
50171
50173
50175
50177
50179
50333
50335
50337
50339
50341
50343
50345
50347
50349
50351
50353
50355
50357
50359
50361
50363
50365
50367
50369
50371
50373
50375
50377
50379
50381
50383
50385
50387
50389
50391
50393
50395
50397
50399
50401
50403
50405
50407
50409
50411
50413
50415
50417
50419
50421
50423
50425
50427
50429
50431
50433
50435
50437
50439
50441
50443
50445
50447
50449
50451
50453
50455
50457
50459
50461
50463
50465
50467
50469
50471
50473
50475
50477
50479
50481
50483
50485
50487
50489
50491
50493
50495
50497
50499
50501
50503
50505
50507
50509
50511
50513
50515
50517
50519
50521
50523
50525
50527
50529
50531
50533
50535
50537
50539
50541
50543
50545
50547
50549
50551
50553
50555
50557
50559
50561
50563
50565
50567
50569
50571
50573
50575
50577
50579
50581
50831
50833
50835
50837
50839
50841
50843
50845
50847
50849
50851
50853
50855
50857
50859
50861
50863
50865
50867
50869
50871
50873
50875
50877
50879
50881
50883
50885
50887
50889
50891
50893
50895
50897
50899
50901
50903
50905
50907
50909
50911
50913
50915
50917
50919
50921
50923
50925
50927
50929
50931
50933
50935
50937
50939
50941
50943
50945
50947
50949
50951
50953
50955
50957
50959
50961
50963
50965
50967
50969
50971
50973
50975
50977
50979
51031
51033
51035
51037
51039
51041
51043
51045
51047
51049
51051
51053
51055
51057
51059
51061
51063
51065
51067
51069
51071
51073
51075
51077
51079
51181
51183
51185
51187
51189
51191
51193
51195
51197
51199
51201
51203
51205
51207
51209
51211
51213
51215
51217
51219
51221
51223
51225
51227
51229
51281
51283
51285
51287
51289
51291
51293
51295
51297
51421
51422
51423
51424
51425
51426
51427
51428
51429
51430
51431
51432
51433
51434
51435
51436
51437
51438
51439
51440
51441
51442
51443
51444
51445
51446
51447
51448
51449
51450
51451
51452
51453
51454
51455
51456
51457
51458
51459
51460
51461
51462
51463
51464
51465
51466
51467
51468
51469
51470
51471
51472
51473
51474
51475
51476
51477
51478
51479
51480
51481
51482
51483
51484
51485
51486
51487
51488
51489
51490
51491
51492
51493
51494
51495
51496
51497
51498
51499
51500
51501
51502
51503
51504
51505
51506
51507
51508
51509
51510
51511
51512
51513
51514
51515
51516
51517
51518
51519
51520
51521
51522
51523
51524
51525
51526
51527
51528
51529
51530
51531
51532
51533
51534
51535
51536
51537
51538
51539
51540
51541
51542
51543
51544
51545
51546
51547
51548
51549
51550
51551
51552
51553
51554
51555
51556
51557
51558
51559
51560
51561
51562
51563
51564
51565
51566
51567
51569
51571
51573
51575
51577
51579
51581
51583
51585
51587
51589
51591
51593
51595
51597
51599
51601
51603
51605
51607
51609
51611
51613
51615
51617
51619
51621
51623
51625
51627
51629
51631
51633
51635
51637
51639
51641
51643
51645
51647
51649
51651
51653
51655
51657
51659
51661
51663
51665
51667
51669
51671
51673
51675
51677
51679
51681
51683
51685
51687
51689
51691
51693
51695
51697
51699
51701
51703
51705
51707
51709
51711
51713
51715
51717
51719
51721
51723
51725
51727
51729
51731
51732
51733
51734
51735
51736
51737
51738
51739
51740
51741
51742
51743
51744
51745
51746
51747
51748
51749
51750
51751
51752
51753
51754
51755
51756
51757
51758
51759
51760
51761
51762
51763
51764
51765
51766
51767
51768
51769
51770
51771
51772
51773
51774
51775
51776
51777
51778
51779
51780
51781
51782
51783
51784
51785
51786
51787
51788
51789
51790
51791
51792
51793
51794
51795
51796
51797
51798
51799
51800
51801
51802
51803
51804
51805
51806
51807
51808
51809
51810
51811
51812
51813
51814
51815
51816
51817
51818
51819
51820
51821
51822
51823
51824
51825
51826
51827
51828
51829
51830
51831
51832
51833
51834
51835
51836
51837
51839
51841
51843
51845
51847
51849
51851
51853
51855
51857
51859
51861
51863
51865
51867
51869
51871
51873
51875
51877
51879
51881
51883
51885
51887
51889
51891
51893
51895
51897
51899
51901
51903
51905
51907
51909
51911
51913
51915
51917
51919
51921
51923
51925
51927
51929
51931
51933
51935
51937
51939
51941
51943
51945
51947
51949
51951
51953
51955
51957
51959
51961
51963
51965
51967
51969
51971
51973
51975
51977
51979
51981
51983
51985
51987
51989
51991
51993
51995
51997
51999
52001
52003
52005
52007
52009
52011
52013
52015
52017
52019
52021
52023
52025
52027
52029
52031
52033
52035
52037
52039
52041
52043
52045
52047
52049
52051
52053
52055
52057
52059
52061
52063
52065
52067
52069
52071
52073
52075
52077
52079
52081
52083
52085
52087
52089
52091
52093
52095
52097
52099
52101
52103
52105
52107
52109
52111
52113
52114
52115
52116
52117
52118
52119
52120
52121
52122
52123
52124
52125
52126
52127
52128
52129
52130
52131
52132
52133
52134
52135
52136
52137
52138
52139
52140
52141
52142
52143
52144
52145
52146
52147
52148
52149
52150
52151
52152
52153
52154
52155
52156
52157
52158
52159
52160
52161
52162
52163
52164
52165
52166
52167
52168
52169
52170
52171
52172
52173
52174
52175
52176
52177
52178
52179
52180
52181
52182
52183
52184
52185
52186
52187
52188
52189
52190
52191
52192
52193
52194
52195
52196
52197
52198
52199
52200
52201
52202
52203
52204
52205
52206
52207
52208
52209
52210
52211
52212
52213
52214
52215
52216
52217
52218
52219
52220
52221
52222
52223
52224
52225
52226
52227
52228
52229
52230
52231
52232
52233
52234
52235
52236
52237
52238
52239
52240
52241
52242
52243
52244
52245
52246
52247
52248
52249
52250
52251
52252
52253
52254
52255
52256
52257
52258
52259
52260
52261
52262
52263
52264
52265
52266
52267
52268
52269
52270
52271
52272
52273
52274
52275
52276
52277
52278
52279
52280
52281
52282
52339
52341
52343
52345
52347
52349
52351
52353
52355
52357
52359
52361
52363
52365
52367
52369
52371
52373
52375
52377
52379
52381
52383
52385
52387
52389
52391
52393
52395
52397
52399
52401
52403
52405
52407
52409
52411
52413
52415
52417
52419
52421
52423
52425
52427
52429
52431
52433
52435
52437
52439
52441
52443
52445
52447
52449
52451
52453
52455
52457
52459
52461
52463
52465
52467
52469
52471
52473
52475
52477
52479
52481
52483
52485
52487
52489
52491
52493
52495
52497
52499
52501
52503
52505
52507
52509
52511
52513
52515
52517
52519
52521
52523
52525
52527
52529
52531
52533
52535
52537
52539
52541
52543
52545
52547
52549
52551
52553
52555
52557
52559
52561
52563
52565
52567
52569
52571
52573
52575
52577
52579
52581
52583
52585
52587
52589
52591
52593
52595
52597
52599
52601
52603
52605
52607
52609
52611
52613
52615
52617
52619
52621
52623
52625
52627
52629
52631
52633
52635
52637
52639
52641
52643
52645
52647
52649
52651
52653
52655
52657
52659
52661
52663
52665
52667
52669
52671
52673
52675
52677
52679
52681
52683
52685
52687
52689
52691
52693
52695
52697
52698
52699
52700
52701
52702
52703
52704
52705
52706
52707
52708
52709
52710
52711
52712
52713
52714
52715
52716
52717
52718
52719
52720
52721
52722
52723
52724
52725
52726
52727
52728
52729
52730
52731
52732
52733
52734
52735
52736
52737
52738
52781
52783
52785
52787
52789
52791
52793
52795
52797
52799
52801
52803
52805
52807
52809
52811
52813
52815
52817
52819
52821
52823
52825
52827
52829
53071
53073
53075
53077
53079
53081
53083
53085
53087
53089
53091
53093
53095
53097
53099
53101
53103
53105
53107
53109
53111
53113
53115
53117
53119
53121
53123
53125
53127
53129
53131
53133
53135
53137
53139
53141
53143
53145
53147
53149
53151
53153
53155
53157
53159
53161
53163
53165
53167
53169
53171
53173
53175
53177
53179
53181
53183
53185
53187
53189
53191
53193
53195
53197
53199
53201
53203
53205
53207
53209
53211
53213
53215
53217
53219
53221
53223
53225
53227
53229
53231
53233
53235
53237
53239
53241
53243
53245
53247
53249
53251
53253
53255
53257
53259
53261
53263
53265
53267
53269
53271
53273
53275
53277
53279
53281
53283
53285
53287
53289
53291
53293
53295
53297
53299
53301
53303
53305
53307
53309
53311
53313
53315
53317
53319
53421
53423
53425
53427
53429
53431
53433
53435
53437
53439
53441
53443
53445
53447
53449
53451
53453
53455
53457
53459
53461
53463
53465
53467
53469
53471
53473
53475
53477
53479
53481
53483
53485
53487
53489
53491
53493
53495
53497
53499
53501
53503
53505
53507
53509
53511
53513
53515
53517
53519
53849
53851
53853
53855
53857
53859
53861
53863
53865
53867
53869
53871
53873
53875
53877
53879
53881
53883
53885
53887
53889
53891
53893
53895
53897
53899
53901
53903
53905
53907
53909
53911
53913
53915
53917
53919
53921
53923
53925
53927
53929
53931
53933
53935
53937
53939
53941
53943
53945
53947
53949
53951
53953
53955
53957
53959
53961
53963
53965
53967
53969
53971
53973
53975
53977
53979
53981
53983
53985
53987
53989
53991
53993
53995
53997
53999
54001
54003
54005
54007
54009
54011
54013
54059
54061
54063
54065
54067
54069
54071
54073
54075
54077
54079
54081
54083
54085
54087
54089
54091
54093
54095
54097
54099
54101
54103
54105
54107
54109
54111
54113
54115
54117
54169
54171
54173
54175
54177
54179
54181
54183
54185
54187
54189
54191
54193
54195
54197
54199
54201
54203
54205
54207
54209
54211
54213
54215
54217
54219
54221
54223
54225
54227
54229
54231
54233
54235
54237
54239
54241
54243
54245
54247
54249
54251
54253
54255
54257
54259
54261
54263
54265
54267
54269
54271
54273
54275
54277
54279
54281
54283
54285
54287
54289
54291
54293
54295
54297
54299
54301
54303
54305
54307
54309
54311
54313
54315
54317
54319
54321
54323
54325
54327
54329
54331
54333
54335
54337
54339
54341
54343
54345
54347
54349
54351
54353
54355
54357
54359
54361
54363
54365
54367
54369
54371
54373
54375
54377
54379
54381
54383
54385
54387
54389
54391
54393
54395
54397
54399
54401
54403
54405
54407
54409
54411
54413
54415
54417
54419
54421
54423
54425
54427
54429
54431
54433
54435
54437
54439
54441
54443
54445
54447
54449
54451
54453
54455
54457
54459
54461
54463
54465
54467
54469
54471
54473
54475
54477
54479
54481
54483
54485
54487
54489
54491
54493
54495
54497
54499
54501
54503
54505
54507
54509
54511
54513
54515
54517
54519
54521
54523
54525
54527
54529
54531
54533
54535
54537
54539
54541
54543
54545
54547
54549
54551
54553
54555
54557
54559
54561
54563
54565
54567
54569
54571
54573
54575
54577
54579
54581
54583
54585
54587
54589
54591
54593
54595
54597
54599
54647
54649
54651
54653
54655
54657
54659
54661
54663
54665
54667
54669
54671
54673
54675
54677
54679
54681
54683
54685
54687
54689
54691
54693
54695
54805
54806
54807
54808
54809
54810
54811
54812
54813
54814
54815
54816
54817
54818
54819
54820
54821
54822
54823
54824
54825
54826
54827
54828
54829
54830
54831
54832
54833
54834
54835
54836
54837
54838
54839
54840
54841
54842
54843
54844
54845
54846
54847
54848
54849
54850
54851
54852
54853
54854
55155
55157
55159
55161
55163
55165
55167
55169
55171
55173
55175
55177
55179
55181
55183
55185
55187
55189
55191
55193
55195
55197
55199
55201
55203
55205
55207
55209
55211
55213
55215
55217
55219
55221
55223
55225
55227
55229
55231
55233
55235
55237
55239
55241
55243
55245
55247
55249
55251
55253
55255
55257
55259
55261
55263
55265
55267
55269
55271
55273
55275
55277
55279
55281
55283
55285
55287
55289
55291
55293
55295
55297
55299
55301
55303
55305
55306
55307
55308
55309
55310
55311
55312
55313
55314
55315
55316
55317
55318
55319
55320
55321
55322
55323
55324
55325
55326
55327
55328
55329
55330
55331
55332
55333
55334
55335
55336
55337
55338
55339
55340
55341
55342
55343
55344
55345
55346
55347
55348
55349
55350
55351
55352
55353
55354
55755
55756
55757
55758
55759
55760
55761
55762
55763
55764
55765
55766
55767
55768
55769
55770
55771
55772
55773
55774
55775
55776
55777
55778
55779
55780
55781
55782
55783
55784
55785
55786
55787
55788
55789
55790
55791
55792
55793
55794
55795
55796
55797
55798
55799
55800
55801
55802
55803
55804
55855
55856
55857
55858
55859
55860
55861
55862
55863
55864
55865
55866
55867
55868
55869
55870
55871
55872
55873
55874
55875
55876
55877
55878
55879
55880
55881
55882
55883
55884
55885
55886
55887
55888
55889
55890
55891
55892
55893
55894
55895
55896
55897
55898
55899
55900
55901
55902
55903
55904
55905
55906
55907
55908
55909
55910
55911
55912
55913
55914
55915
55916
55917
55918
55919
55920
55921
55922
55923
55924
55925
55926
55927
55928
55929
55930
55931
55932
55933
55934
55935
55936
55937
55938
55939
55940
55941
55942
55943
55944
55945
55946
55947
55948
55949
55950
55951
55952
55953
55954
55955
55956
55957
55958
55959
55960
55961
55962
55963
55964
55965
55966
55967
55968
55969
55970
55971
55972
55973
55974
55975
55976
55977
55978
55979
55980
55981
55982
55983
55984
55985
55986
55987
55988
55989
55990
55991
55992
55993
55994
55995
55996
55997
55998
55999
56000
56001
56002
56003
56004
56005
56006
56007
56008
56009
56010
56011
56012
56013
56014
56015
56016
56017
56018
56019
56020
56021
56022
56023
56024
56025
56026
56027
56028
56029
56030
56031
56032
56033
56034
56035
56036
56037
56038
56039
56040
56041
56042
56043
56044
56045
56046
56047
56048
56049
56050
56051
56052
56053
56054
56155
56157
56159
56161
56163
56165
56167
56169
56171
56173
56175
56177
56179
56181
56183
56185
56187
56189
56191
56193
56195
56197
56199
56201
56203
56205
56207
56209
56211
56213
56215
56217
56219
56221
56223
56225
56227
56229
56231
56233
56235
56237
56239
56241
56243
56245
56247
56249
56251
56253
56255
56257
56259
56261
56263
56265
56267
56269
56271
56273
56275
56277
56279
56281
56283
56285
56287
56289
56291
56293
56295
56297
56299
56301
56303
56305
56306
56307
56308
56309
56310
56311
56312
56313
56314
56315
56316
56317
56318
56319
56320
56321
56322
56323
56324
56325
56326
56327
56328
56329
56330
56331
56332
56333
56334
56335
56336
56337
56338
56339
56340
56341
56342
56343
56344
56345
56346
56347
56348
56349
56350
56351
56352
56353
56354
56355
56357
56359
56361
56363
56365
56367
56369
56371
56373
56375
56377
56379
56381
56383
56385
56387
56389
56391
56393
56395
56397
56399
56401
56403
56405
56407
56409
56411
56413
56415
56417
56419
56421
56423
56425
56427
56429
56431
56433
56435
56437
56439
56441
56443
56445
56447
56449
56451
56453
56455
56456
56457
56458
56459
56460
56461
56462
56463
56464
56465
56466
56467
56468
56469
56470
56471
56472
56473
56474
56475
56476
56477
56478
56479
56480
56481
56482
56483
56484
56485
56486
56487
56488
56489
56490
56491
56492
56493
56494
56495
56496
56497
56498
56499
56500
56501
56502
56503
56504
56505
56506
56507
56508
56509
56510
56511
56512
56513
56514
56515
56516
56517
56518
56519
56520
56521
56522
56523
56524
56525
56526
56527
56528
56529
56530
56531
56532
56533
56534
56535
56536
56537
56538
56539
56540
56541
56542
56543
56544
56545
56546
56547
56548
56549
56550
56551
56552
56553
56554
56555
56556
56557
56558
56559
56560
56561
56562
56563
56564
56565
56566
56567
56568
56569
56570
56571
56572
56573
56574
56575
56576
56577
56578
56579
56580
56581
56582
56583
56584
56585
56586
56587
56588
56589
56590
56591
56592
56593
56594
56595
56596
56597
56598
56599
56600
56601
56602
56603
56604
56605
56607
56609
56611
56613
56615
56617
56619
56621
56623
56625
56627
56629
56631
56633
56635
56637
56639
56641
56643
56645
56647
56649
56651
56653
56655
56657
56659
56661
56663
56665
56667
56669
56671
56673
56675
56677
56679
56681
56683
56685
56687
56689
56691
56693
56695
56697
56699
56701
56703
56755
56756
56757
56758
56759
56760
56761
56762
56763
56764
56765
56766
56767
56768
56769
56770
56771
56772
56773
56774
56775
56776
56777
56778
56779
56780
56781
56782
56783
56784
56785
56786
56787
56788
56789
56790
56791
56792
56793
56794
56795
56796
56797
56798
56799
56800
56801
56802
56803
56804
56805
56807
56809
56811
56813
56815
56817
56819
56821
56823
56825
56827
56829
56831
56833
56835
56837
56839
56841
56843
56845
56847
56849
56851
56853
56855
57107
57109
57111
57113
57115
57117
57119
57121
57123
57125
57127
57129
57131
57133
57135
57137
57139
57141
57143
57145
57147
57149
57151
57153
57155
57157
57159
57161
57163
57165
57167
57169
57171
57173
57175
57177
57179
57181
57183
57185
57187
57189
57191
57193
57195
57197
57199
57201
57203
57205
57207
57209
57211
57213
57215
57217
57219
57221
57223
57225
57227
57229
57231
57233
57235
57237
57239
57241
57243
57245
57247
57249
57251
57253
57255
57257
57259
57261
57263
57265
57267
57269
57271
57273
57275
57277
57279
57281
57283
57285
57287
57289
57291
57293
57295
57297
57299
57301
57303
57305
57307
57309
57311
57313
57315
57317
57319
57321
57323
57325
57327
57329
57331
57333
57335
57337
57339
57341
57343
57345
57347
57349
57351
57353
57355
57407
57409
57411
57413
57415
57417
57419
57421
57423
57425
57427
57429
57431
57433
57435
57437
57439
57441
57443
57445
57447
57449
57451
57453
57455
60001
60003
60005
60006
60007
60008
60009
60010
60011
60012
60013
60014
60015
60016
60017
60018
60019
60020
60021
60022
60023
60024
60025
60026
60027
60028
60029
60030
60031
60032
60033
60034
60035
60036
60037
60038
60039
60040
60041
60042
60043
60044
60045
60046
60047
60048
60049
60050
60051
60052
60053
60054
60055
60056
60057
60058
60059
60060
60061
60062
60063
60064
60065
60066
60067
60068
60069
60070
60071
60073
60074
60075
60076
60077
60078
60079
60080
60081
60082
60083
60084
60085
60086
60087
60088
60089
60090
60091
60092
60093
60094
60095
60096
60097
60098
60099
60100
60101
60102
60103
60104
60105
60107
60109
60111
60113
60115
60117
60119
60121
60123
60125
60127
60129
60131
60133
60135
60137
60139
60141
60143
60145
60147
60149
60151
60153
61305
61307
61309
61311
61313
61315
61317
61319
61321
61323
61325
61327
61329
61331
61333
61335
61337
61339
61341
61343
61345
61347
61349
61351
61353
61355
61356
61357
61358
61359
61360
61361
61362
61363
61364
61365
61366
61367
61368
61369
61370
61371
61372
61373
61374
61375
61376
61377
61378
61379
61380
61381
61382
61383
61384
61385
61386
61387
61388
61389
61390
61391
61392
61393
61394
61395
61396
61397
61398
61399
61400
61401
61402
61403
61404
61405
61407
61409
61411
61413
61415
61417
61419
61421
61423
61425
61427
61429
61431
61433
61435
61437
61439
61441
61443
61445
61447
61449
61451
61453
61455
61456
61457
61458
61459
61460
61461
61462
61463
61464
61465
61466
61467
61468
61469
61470
61471
61472
61473
61474
61475
61476
61477
61478
61479
61480
61481
61482
61483
61484
61485
61486
61487
61488
61489
61490
61491
61492
61493
61494
61495
61496
61497
61498
61499
61500
61501
61502
61503
61504
61505
61506
61507
61508
61509
61510
61511
61512
61513
61514
61515
61516
61517
61518
61519
61520
61521
61522
61523
61524
61525
61526
61527
61528
61529
61530
61531
61532
61533
61534
61535
61536
61537
61538
61539
61540
61541
61542
61543
61544
61545
61546
61547
61548
61549
61550
61551
61552
61553
61554
61555
61556
61557
61558
61559
61560
61561
61562
61563
61564
61565
61566
61567
61568
61569
61570
61571
61572
61573
61574
61575
61576
61577
61578
61579
61580
61581
61582
61583
61584
61585
61586
61587
61588
61589
61590
61591
61592
61593
61594
61595
61596
61597
61598
61599
61600
61601
61602
61603
61604
61605
61606
61607
61608
61609
61610
61611
61612
61613
61614
61615
61616
61617
61618
61619
61620
61621
61622
61623
61624
61625
61626
61627
61628
61629
61630
61631
61632
61633
61634
61635
61636
61637
61638
61639
61640
61641
61642
61643
61644
61645
61646
61647
61648
61649
61650
61651
61652
61653
61654
61655
61656
61657
61658
61659
61660
61661
61662
61663
61664
61665
61666
61667
61668
61669
61670
61671
61672
61673
61674
61675
61676
61677
61678
61679
61680
61681
61682
61683
61684
61685
61686
61687
61688
61689
61690
61691
61692
61693
61694
61695
61697
61699
61701
61703
61705
61707
61709
61711
61713
61715
61717
61719
61721
61723
61725
61727
61729
61731
61733
61735
61737
61739
61741
61743
61745
61747
61749
61751
61753
61755
61757
61759
61761
61763
61765
61767
61769
61771
61773
61775
61777
61779
61781
61783
61785
61787
61789
61791
61793
61795
61797
61799
61801
61803
61805
61807
61809
61811
61813
61815
61817
61819
61821
61823
61825
61827
61829
61831
61833
61835
61837
61839
61841
61843
61845
61846
61847
61848
61849
61850
61851
61852
61853
61854
61855
61856
61857
61858
61859
61860
61861
61862
61863
61864
61865
61866
61867
61868
61869
61870
61871
61872
61873
61874
61875
61876
61877
61878
61879
61880
61881
61882
61883
61884
61885
61886
61887
61888
61889
61890
61891
61892
61893
61894
61895
61896
61897
61898
61899
61900
61901
61902
61903
61904
61905
61906
61907
61908
61909
61910
61911
61912
61913
61914
61915
61916
61917
61918
61919
61920
61921
61922
61923
61924
61925
61926
61927
61928
61929
61930
61931
61932
61933
61934
61935
61936
61937
61938
61939
61940
61941
61942
61943
61944
61945
61946
61947
61948
61949
61950
61951
61952
61953
61954
61955
61956
61957
61958
61959
61960
61961
61962
61963
61964
61965
61966
61967
61968
61969
61970
61971
61972
61973
61974
61975
61976
61977
61978
61979
61980
61981
61982
61983
61984
61985
61986
61987
61988
61989
61990
61991
61992
61993
61994
61995
61996
61997
61998
61999
62000
62001
62002
62003
62004
62005
62006
62007
62008
62009
62010
62011
62012
62013
62014
62015
62016
62017
62018
62019
62020
62021
62022
62023
62024
62025
62026
62027
62028
62029
62030
62031
62032
62033
62034
62035
62036
62037
62038
62039
62040
62041
62042
62043
62044
62045
62046
62047
62048
62049
62050
62051
62052
62053
62054
62055
62056
62057
62058
62059
62060
62061
62063
62065
62067
62069
62071
62073
62075
62077
62079
62081
62083
62085
62087
62089
62091
62093
62095
62097
62099
62101
62103
62105
62107
62109
62111
62113
62115
62117
62119
62121
62123
62125
62127
62129
62131
62133
62135
62137
62139
62141
62143
62145
62147
62149
62151
62153
62155
62157
62159
62161
62163
62165
62167
62169
62171
62173
62175
62177
62179
62181
62183
62185
62187
62189
62191
62193
62195
62197
62199
62201
62203
62205
62207
62209
62211
62213
62215
62217
62219
62221
62223
62225
62227
62229
62231
62233
62235
62237
62239
62241
62243
62245
62247
62249
62251
62253
62255
62257
62259
62261
62263
62265
62267
62269
62271
62273
62275
62277
62279
62281
62283
62285
62287
62289
62291
62293
62295
62297
62299
62301
62303
62305
62307
62309
62311
62313
62315
62317
62319
62321
62323
62325
62327
62329
62331
62333
62335
62337
62339
62341
62343
62345
62347
62349
62351
62353
62355
62357
62359
62361
62363
62365
62367
62369
62371
62373
62375
62377
62379
62381
62383
62385
62387
62389
62391
62393
62395
62397
62399
62401
62403
62405
62407
62409
62411
62413
62415
62417
62419
62421
62423
62425
62427
62429
62431
62433
62435
62437
62439
62441
62443
62445
62447
62449
62451
62453
62455
62457
62459
62461
62463
62465
62467
62469
62471
62473
62475
62477
62479
62481
62483
62485
62487
62489
62491
62493
62495
62497
62499
62501
62503
62505
62507
62509
62511
62513
62515
62517
62519
62521
62523
62525
62527
62529
62531
62533
62535
62537
62539
62541
62543
62545
62547
62549
62551
62553
62555
62557
62559
62561
62563
62565
62567
62569
62571
62573
62575
62577
62579
62581
62583
62585
62587
62589
62591
62593
62595
62597
62599
62601
62603
62605
62607
62609
62611
62613
62615
62617
62619
62621
62623
62625
62627
62629
62631
62633
62635
62637
62639
62641
62643
62645
62647
62649
62651
62653
62655
62657
62659
62661
62663
62665
62667
62669
62671
62673
62675
62677
62679
62681
62683
62685
62687
62689
62691
62693
62695
62697
62699
62701
62703
62705
62707
62709
62711
62713
62715
62717
62719
62721
62723
62725
62727
62729
62731
62733
62735
62737
62739
62741
62743
62745
62747
62749
62751
62753
62755
62757
62759
62761
62763
62765
62767
62769
62771
62773
62775
62777
62779
62781
62783
62785
62787
62789
62791
62793
62795
62797
62799
62801
62803
62805
62807
62809
62811
62813
62815
62817
62819
62821
62823
62825
62827
62829
62831
62833
62835
62837
62839
62841
62843
62845
62847
62849
62851
62853
62855
62857
62859
62861
62863
62865
62867
62869
62871
62873
62875
62877
62879
62881
62883
62885
62887
62889
62891
62893
62895
62897
62899
62901
62903
62905
62907
62909
62911
62913
62915
62917
62919
62921
62923
62925
62927
62929
62931
62933
62935
62937
62939
62941
62943
62945
62947
62949
62951
62953
62955
62957
62959
62961
62963
62965
62967
62969
62971
62973
62975
62977
62979
62981
62983
62985
62987
62989
62991
62993
62995
62997
62999
63001
63003
63005
63007
63009
63011
63013
63015
63017
63019
63021
63023
63025
63027
63029
63031
63033
63035
63037
63039
63041
63043
63045
63047
63049
63051
63053
63055
63057
63059
63061
63063
63065
63067
63069
63071
63073
63075
63077
63079
63081
63083
63085
63087
63089
63091
63093
63095
63097
63099
63101
63103
63105
63107
63109
63111
63113
63115
63117
63119
63121
63123
63125
63127
63129
63131
63133
63135
63137
63139
63141
63143
63145
63147
63149
63151
63153
63155
63157
63159
63161
63163
63165
63167
63169
63171
63173
63175
63177
63179
63181
63183
63185
63187
63189
63191
63193
63195
63197
63199
63201
63203
63205
63207
63209
63211
63213
63215
63217
63219
63221
63223
63225
63227
63229
63231
63233
63235
63237
63239
63241
63243
63245
63247
63249
63251
63253
63255
63257
63259
63261
63263
63265
63267
63269
63271
63273
63275
63277
63279
63281
63283
63285
63287
63289
63291
63293
63295
63297
63299
63301
63303
63305
63307
63309
63311
63313
63315
63317
63319
63321
63323
63325
63327
63329
63331
63333
63335
63337
63339
63341
63343
63345
63347
63349
63351
63353
63355
63357
63359
63361
63363
63365
63367
63369
63371
63373
63375
63377
63379
63381
63383
63385
63387
63389
63391
63393
63395
63397
63399
63401
63403
63405
63407
63409
63411
63413
63415
63417
63419
63421
63423
63425
63427
63429
63431
63433
63435
63437
63439
63441
63443
63445
63447
63449
63451
63453
63455
63457
63459
63461
63463
63465
63467
63469
63471
63473
63475
63477
63479
63481
63483
63485
63487
63489
63491
63493
63495
63497
63499
63501
63503
63505
63507
63509
63511
63513
63515
63517
63519
63521
63523
63525
63527
63529
63531
63533
63535
63537
63539
63541
63543
63545
63547
63549
63551
63553
63555
63557
63559
63561
63563
63565
63567
63569
63571
63573
63575
63577
63579
63581
63583
63585
63587
63589
63591
63593
63595
63597
63599
63601
63603
63605
63607
63609
63611
63613
63615
63617
63619
63621
63623
63625
63627
63629
63631
63633
63635
63637
63639
63641
63643
63645
63647
63649
63651
63653
63655
63657
63659
63661
63663
63665
63667
63669
63671
63673
63675
63677
63679
63681
63683
63685
63687
63689
63691
63693
63695
63697
63699
63701
63703
63705
63707
63709
63711
63713
63715
63717
63719
63721
63723
63725
63727
63729
63731
63733
63735
63737
63739
63741
63743
63745
63747
63749
63751
63753
63755
63757
63759
63761
63763
63765
63767
63769
63771
63773
63775
63777
63779
63781
63783
63785
63787
63789
63791
63793
63795
63797
63799
63801
63803
63805
63807
63809
63811
63813
63815
63817
63819
63821
63823
63825
63827
63829
63831
63833
63835
63837
63839
63841
63843
63845
63847
63849
63851
63853
63855
63857
63859
63861
63863
63865
63867
63869
63871
63873
63875
63877
63879
63881
63883
63885
63887
63889
63891
63893
63895
63897
63899
63901
63903
63905
63907
63909
63911
63913
63915
63917
63919
63921
63923
63925
63927
63929
63931
63933
63935
63937
63939
63941
63943
63945
63947
63949
63951
63953
63955
63957
63959
63961
63963
63965
63967
63969
63971
63973
63975
63977
63979
63981
63983
63985
63987
63989
63991
63993
63995
63997
63999
64001
64003
64005
64007
64009
64011
64013
64015
64017
64019
64021
64023
64025
64027
64029
64031
64033
64035
64037
64039
64041
64043
64045
64047
64049
64051
64053
64055
64057
64059
64061
64063
64065
64067
64069
64071
64073
64075
64077
64079
64081
64083
64085
64087
64089
64091
64093
64095
64097
64099
64101
64103
64105
64107
64109
64111
64113
64115
64117
64119
64121
64123
64125
64127
64129
64131
64133
64135
64137
64139
64141
64143
64145
64147
64149
64151
64153
64155
64157
64159
64161
64163
64165
64167
64169
64171
64173
64175
64177
64179
64181
64183
64185
64187
64189
64191
64193
64195
64197
64199
64201
64203
64205
64207
64209
64211
64213
64215
64217
64219
64221
64223
64225
64227
64229
64231
64233
64235
64237
64239
64241
64243
64245
64247
64249
64251
64253
64255
64257
64259
64261
64263
64265
64267
64269
64271
64273
64275
64277
64279
64281
64283
64285
64287
64289
64291
64293
64295
64297
64299
64301
64303
64305
64307
64309
64311
64313
64315
64317
64319
64321
64323
64325
64327
64329
64331
64333
64335
64337
64339
64341
64343
64345
64347
64349
64351
64353
64355
64357
64359
64361
64363
64365
64367
64369
64371
64373
64375
64377
64379
64381
64383
64385
64387
64389
64391
64393
64395
64397
64399
64401
64403
64405
64407
64409
64411
64413
64415
64417
64419
64421
64423
64425
64427
64429
64431
64433
64435
64437
64439
64441
64443
64445
64447
64449
64451
64453
64455
64457
64459
64461
64463
64465
64467
64469
64471
64473
64475
64477
64479
64481
64483
64485
64487
64489
64491
64493
64495
64497
64499
64501
64503
64505
64507
64509
64511
64513
64515
64517
64519
64521
64523
64525
64527
64529
64531
64533
64535
64537
64539
64541
64543
64545
64547
64549
64551
64553
64555
64557
64559
64561
64563
64565
64567
64569
64571
64573
64575
64577
64579
64581
64583
64585
64587
64589
64591
64593
64595
64597
64599
64601
64603
64605
64607
64609
64611
64613
64615
64617
64619
64621
64623
64625
64627
64629
64631
64633
64635
64637
64639
64641
64643
64645
64647
64649
64651
64653
64655
64657
64659
64661
64663
64665
64667
64669
64671
64673
64675
64677
64679
64681
64683
64685
64687
64689
64691
64693
64695
64697
64699
64701
64703
64705
64707
64709
64711
64713
64715
64717
64719
64721
64723
64725
64727
64729
64731
64733
64735
64737
64739
64741
64743
64745
64747
64749
64751
64753
64755
64757
64759
64761
64763
64765
64767
64769
64771
64773
64775
64777
64779
64781
64783
64785
64787
64789
64791
64793
64795
64797
64799
64801
64803
64805
64807
64809
64811
64813
64815
64817
64819
64821
64823
64825
64827
64829
64831
64833
64835
64837
64839
64841
64843
64845
64847
64849
64851
64853
64855
64857
64859
64861
64863
64865
64867
64869
64871
64873
64875
64877
64879
64881
64883
64885
64887
64889
64891
64893
64895
64897
64899
64901
64903
64905
64907
64909
64911
64913
64915
64917
64919
64921
64923
64925
64927
64929
64931
64933
64935
64937
64939
64941
64943
64945
64947
64949
64951
64953
64955
64957
64959
64961
64963
64965
64967
64969
64971
64973
64975
64977
64979
64981
64983
64985
64987
64989
64991
64993
64995
64997
64999
65001
65003
65005
65007
65009
65011
65013
65015
65017
65019
65021
65023
65025
65027
65029
65031
65033
65035
65037
65039
65041
65043
65045
65047
65049
65051
65053
65055
65057
65059
65061
65063
65065
65067
65069
65071
65073
65075
65077
65079
65081
65083
65085
65087
65089
65091
65093
65095
65097
65099
65101
65103
65105
65107
65109
65111
65113
65115
65117
65119
65121
65123
65125
65127
65129
65131
65133
65135
65137
65139
65141
65143
65145
65147
65149
65151
65153
65155
65157
65159
65161
65163
65165
65167
65169
65171
65173
65175
65177
65179
65181
65183
65185
65187
65189
65191
65193
65195
65197
65199
65201
65203
65205
65207
65209
65211
65213
65215
65217
65219
65221
65223
65225
65227
65229
65231
65233
65235
65237
65239
65241
65243
65245
65247
65249
65251
65253
65255
65257
65259
65261
65263
65265
65267
65269
65271
65273
65275
65277
65279
65281
65283
65285
65287
65289
65291
65293
65295
65297
65299
65301
65303
65305
65307
65309
65311
65313
65315
65317
65319
65321
65323
65325
65327
65329
65331
65333
65335
65337
65339
65341
65343
65345
65347
65349
65351
65353
65355
65357
65359
65361
65363
65365
65367
65369
65371
65373
65375
65377
65379
65381
65383
65385
65387
65389
65391
65393
65395
65397
65399
65401
65403
65405
65407
65409
65411
65413
65415
65417
65419
65421
65423
65425
65427
65429
65431
65433
65435
65437
65439
65441
65443
65445
65447
65449
65451
65453
65455
65457
65459
65461
65463
65465
65467
65469
65471
65473
65475
65477
65479
65481
65483
65485
65487
65489
65491
65493
65495
65497
65499
65501
65503
65505
65507
65509
65511
65513
65515
65517
65519
65521
65523
65525
65527
65529
65531
65533
65535
65537
65539
65541
65543
65545
65547
65549
65551
65553
65555
65557
65559
65561
65563
65565
65567
65569
65571
65573
65575
65577
65579
65581
65583
65585
65587
65589
65591
65593
65595
65597
65599
65601
65603
65605
65607
65609
65611
65613
65615
65617
65619
65621
65623
65625
65627
65629
65631
65633
65635
65637
65639
65641
65643
65645
65647
65649
65651
65653
65655
65657
65659
65661
65663
65665
65667
65669
65671
65673
65675
65677
65679
65681
65683
65685
65687
65689
65691
65693
65695
65697
65699
65701
65703
65705
65707
65709
65711
65713
65715
65717
65719
65721
65723
65725
65727
65729
65731
65733
65735
65737
65739
65741
65743
65745
65747
65749
65751
65753
65755
65757
65759
65761
65763
65765
65767
65769
65771
65773
65775
65777
65779
65781
65783
65785
65787
65789
65791
65793
65795
65797
65799
65801
65803
65805
65807
65809
65811
65813
65815
65817
65819
65821
65823
65825
65827
65829
65831
65833
65835
65837
65839
65841
65843
65845
65847
65849
65851
65853
65855
65857
65859
65861
65863
65865
65867
65869
65871
65873
65875
65877
65879
65881
65883
65885
65887
65889
65891
65893
65895
65897
65899
65901
65903
65905
65907
65909
65911
65913
65915
65917
65919
65921
65923
65925
65927
65929
65931
65933
65935
65937
65939
65941
65943
65945
65947
65949
65951
65953
65955
65957
65959
65961
65963
65965
65967
65969
65971
65973
65975
65977
65979
65981
65983
65985
65987
65989
65991
65993
65995
65997
65999
66001
66003
66005
66007
66009
66011
66013
66015
66017
66019
66021
66023
66025
66027
66029
66031
66033
66035
66037
66039
66041
66043
66045
66047
66049
66051
66053
66055
66057
66059
66061
66063
66065
66067
66069
66071
66073
66075
66077
66079
66081
66083
66085
66087
66089
66091
66093
66095
66097
66099
66101
66103
66105
66107
66109
66111
66113
66115
66117
66119
66121
66123
66125
66127
66129
66131
66133
66135
66137
66139
66141
66143
66145
66147
66149
66151
66153
66155
66157
66159
66161
66163
66165
66167
66169
66171
66173
66175
66177
66179
66181
66183
66185
66187
66189
66191
66193
66195
66197
66199
66201
66203
66205
66207
66209
66211
66213
66215
66217
66219
66221
66223
66225
66227
66229
66231
66233
66235
66237
66239
66241
66243
66245
66247
66249
66251
66253
66255
66257
66259
66261
66263
66265
66267
66269
66271
66273
66275
66277
66279
66281
66283
66285
66287
66289
66291
66293
66295
66297
66299
66301
66303
66305
66307
66309
66311
66313
66315
66317
66319
66321
66323
66325
66327
66329
66331
66333
66335
66337
66339
66341
66343
66345
66347
66349
66351
66353
66355
66357
66359
66361
66363
66365
66367
66369
66371
66373
66375
66377
66379
66381
66383
66385
66387
66389
66391
66393
66395
66397
66399
66401
66403
66405
66407
66409
66411
66413
66415
66417
66419
66421
66423
66425
66427
66429
66431
66433
66435
66437
66439
66441
66443
66445
66447
66449
66451
66453
66455
66457
66459
66461
66463
66465
66467
66469
66471
66473
66475
66477
66479
66481
66483
66485
66487
66489
66491
66493
66495
66497
66499
66501
66503
66505
66507
66509
66511
66513
66515
66517
66519
66521
66523
66525
66527
66529
66531
66533
66535
66537
66539
66541
66543
66545
66547
66549
66551
66553
66555
66557
66559
66561
66563
66565
66567
66569
66571
66573
66575
66577
66579
66581
66583
66585
66587
66589
66591
66593
66595
66597
66599
66601
66603
66605
66607
66609
66611
66613
66615
66617
66619
66621
66623
66625
66627
66629
66631
66633
66635
66637
66639
66641
66643
66645
66647
66649
66651
66653
66655
66657
66659
66661
66663
66665
66667
66669
66671
66673
66675
66677
66679
66681
66683
66685
66687
66689
66691
66693
66695
66697
66699
66701
66703
66705
66707
66709
66711
66713
66715
66717
66719
66721
66723
66725
66727
66729
66731
66733
66735
66737
66739
66741
66743
66745
66747
66749
66751
66753
66755
66757
66759
66761
66763
66765
66767
66769
66771
66773
66775
66777
66779
66781
66783
66785
66787
66789
66791
66793
66795
66797
66799
66801
66803
66805
66807
66809
66811
66813
66815
66817
66819
66821
66823
66825
66827
66829
66831
66833
66835
66837
66839
66841
66843
66845
66847
66849
66851
66853
66855
66857
66859
66861
66863
66865
66867
66869
66871
66873
66875
66877
66879
66881
66883
66885
66887
66889
66891
66893
66895
66897
66899
66901
66903
66905
66907
66909
66911
66913
66915
66917
66919
66921
66923
66925
66927
66929
66931
66933
66935
66937
66939
66941
66943
66945
66947
66949
66951
66953
66955
66957
66959
66961
66963
66965
66967
66969
66971
66973
66975
66977
66979
66981
66983
66985
66987
66989
66991
66993
66995
66997
66999
67001
67003
67005
67007
67009
67011
67013
67015
67017
67019
67021
67023
67025
67027
67029
67031
67033
67035
67037
67039
67041
67043
67045
67047
67049
67051
67053
67055
67057
67059
67061
67063
67065
67067
67069
67071
67073
67075
67077
67079
67081
67083
67085
67087
67089
67091
67093
67095
67097
67099
67101
67103
67105
67107
67109
67111
67113
67115
67117
67119
67121
67123
67125
67127
67129
67131
67133
67135
67137
67139
67141
67143
67145
67147
67149
67151
67153
67155
67157
67159
67161
67163
67165
67167
67169
67171
67173
67175
67177
67179
67181
67183
67185
67187
67189
67191
67193
67195
67197
67199
67201
67203
67205
67207
67209
67211
67213
67215
67217
67219
67221
67223
67225
67227
67229
67231
67233
67235
67237
67239
67241
67243
67245
67247
67249
67251
67253
67255
67257
67259
67261
67263
67265
67267
67269
67271
67273
67275
67277
67279
67281
67283
67285
67287
67289
67291
67293
67295
67297
67299
67301
67303
67305
67307
67309
67311
67313
67315
67317
67319
67321
67323
67325
67327
67329
67331
67333
67335
67337
67339
67341
67343
67345
67347
67349
67351
67353
67355
67357
67359
67361
67363
67365
67367
67369
67371
67373
67375
67377
67379
67381
67383
67385
67387
67389
67391
67393
67395
67397
67399
67401
67403
67405
67407
67409
67411
67413
67415
67417
67419
67421
67423
67425
67427
67429
67431
67433
67435
67437
67439
67441
67443
67445
67447
67449
67451
67453
67455
67457
67459
67461
67463
67465
67467
67469
67471
67473
67475
67477
67479
67481
67483
67485
67487
67489
67491
67493
67495
67497
67499
67501
67503
67505
67507
67509
67511
67513
67515
67517
67519
67521
67523
67525
67527
67529
67531
67533
67535
67537
67539
67541
67543
67545
67547
67549
67551
67553
67555
67557
67559
67561
67563
67565
67567
67569
67571
67573
67575
67577
67579
67581
67583
67585
67587
67589
67591
67593
67595
67597
67599
67601
67603
67605
67607
67609
67611
67613
67615
67617
67619
67621
67623
67625
67627
67629
67631
67633
67635
67637
67639
67641
67643
67645
67647
67649
67651
67653
67655
67657
67659
67661
67663
67665
67667
67669
67671
67673
67675
67677
67679
67681
67683
67685
67687
67689
67691
67693
67695
67697
67699
67701
67703
67705
67707
67709
67711
67713
67715
67717
67719
67721
67723
67725
67727
67729
67731
67733
67735
67737
67739
67741
67743
67745
67747
67749
67751
67753
67755
67757
67759
67761
67763
67765
67767
67769
67771
67773
67775
67777
67779
67781
67783
67785
67787
67789
67791
67793
67795
67797
67799
67801
67803
67805
67807
67809
67811
67813
67815
67817
67819
67821
67823
67825
67827
67829
67831
67833
67835
67837
67839
67841
67843
67845
67847
67849
67851
67853
67855
67857
67859
67861
67863
67865
67867
67869
67871
67873
67875
67877
67879
67881
67883
67885
67887
67889
67891
67893
67895
67897
67899
67901
67903
67905
67907
67909
67911
67913
67915
67917
67919
67921
67923
67925
67927
67929
67931
67933
67935
67937
67939
67941
67943
67945
67947
67949
67951
67953
67955
67957
67959
67961
67963
67965
67967
67969
67971
67973
67975
67977
67979
67981
67983
67985
67987
67989
67991
67993
67995
67997
67999
68001
68003
68005
68007
68009
68011
68013
68015
68017
68019
68021
68023
68025
68027
68029
68031
68033
68035
68037
68039
68041
68043
68045
68047
68049
68051
68053
68055
68057
68059
68061
68063
68065
68067
68069
68071
68073
68075
68077
68079
68081
68083
68085
68087
68089
68091
68093
68095
68097
68099
68101
68103
68105
68107
68109
68111
68113
68115
68117
68119
68121
68123
68125
68127
68129
68131
68133
68135
68137
68139
68141
68143
68145
68147
68149
68151
68153
68155
68157
68159
68161
68163
68165
68167
68169
68171
68173
68175
68177
68179
68181
68183
68185
68187
68189
68191
68193
68195
68197
68199
68201
68203
68205
68207
68209
68211
68213
68215
68217
68219
68221
68223
68225
68227
68229
68231
68233
68235
68237
68239
68241
68243
68245
68247
68249
68251
68253
68255
68257
68259
68261
68263
68265
68267
68269
68271
68273
68275
68277
68279
68281
68283
68285
68287
68289
68291
68293
68295
68297
68299
68301
68303
68305
68307
68309
68311
68313
68315
68317
68319
68321
68323
68325
68327
68329
68331
68333
68335
68337
68339
68341
68343
68345
68347
68349
68351
68353
68355
68357
68359
68361
68363
68365
68367
68369
68371
68373
68375
68377
68379
68381
68383
68385
68387
68389
68391
68393
68395
68397
68399
68401
68403
68405
68407
68409
68411
68413
68415
68417
68419
68421
68423
68425
68427
68429
68431
68433
68435
68437
68439
68441
68443
68445
68447
68449
68451
68453
68455
68457
68459
68461
68463
68465
68467
68469
68471
68473
68475
68477
68479
68481
68483
68485
68487
68489
68491
68493
68495
68497
68499
68501
68503
68505
68507
68509
68511
68513
68515
68517
68519
68521
68523
68525
68527
68529
68531
68533
68535
68537
68539
68541
68543
68545
68547
68549
68551
68553
68555
68557
68559
68561
68563
68565
68567
68569
68571
68573
68575
68577
68579
68581
68583
68585
68587
68589
68591
68593
68595
68597
68599
68601
68603
68605
68607
68609
68611
68613
68615
68617
68619
68621
68623
68625
68627
68629
68631
68633
68635
68637
68639
68641
68643
68645
68647
68649
68651
68653
68655
68657
68659
68661
68663
68665
68667
68669
68671
68673
68675
68677
68679
68681
68683
68685
68687
68689
68691
68693
68695
68697
68699
68701
68703
68705
68707
68709
68711
68713
68715
68717
68719
68721
68723
68725
68727
68729
68731
68733
68735
68737
68739
68741
68743
68745
68747
68749
68751
68753
68755
68757
68759
68761
68763
68765
68767
68769
68771
68773
68775
68777
68779
68781
68783
68785
68787
68789
68791
68793
68795
68797
68799
68801
68803
68805
68807
68809
68811
68813
68815
68817
68819
68821
68823
68825
68827
68829
68831
68833
68835
68837
68839
68841
68843
68845
68847
68849
68851
68853
68855
68857
68859
68861
68863
68865
68867
68869
68871
68873
68875
68877
68879
68881
68883
68885
68887
68889
68891
68893
68895
68897
68899
68901
68903
68905
68907
68909
68911
68913
68915
68917
68919
68921
68923
68925
68927
68929
68931
68933
68935
68937
68939
68941
68943
68945
68947
68949
68951
68953
68955
68957
68959
68961
68963
68965
68967
68969
68971
68973
68975
68977
68979
68981
68983
68985
68987
68989
68991
68993
68995
68997
68999
69001
69003
69005
69007
69009
69011
69013
69015
69017
69019
69021
69023
69025
69027
69029
69031
69033
69035
69037
69039
69041
69043
69045
69047
69049
69051
69053
69055
69057
69059
69061
69063
69065
69067
69069
69071
69073
69075
69077
69079
69081
69083
69085
69087
69089
69091
69093
69095
69097
69099
69101
69103
69105
69107
69109
69111
69113
69115
69117
69119
69121
69123
69125
69127
69129
69131
69133
69135
69137
69139
69141
69143
69145
69147
69149
69151
69153
69155
69157
69159
69161
69163
69165
69167
69169
69171
69173
69175
69177
69179
69181
69183
69185
69187
69189
69191
69193
69195
69197
69199
69201
69203
69205
69207
69209
69211
69213
69215
69217
69219
69221
69223
69225
69227
69229
69231
69233
69235
69237
69239
69241
69243
69245
69247
69249
69251
69253
69255
69257
69259
69261
69263
69265
69267
69269
69271
69273
69275
69277
69279
69281
69283
69285
69287
69289
69291
69293
69295
69297
69299
69301
69303
69305
69307
69309
69311
69313
69315
69317
69319
69321
69323
69325
69327
69329
69331
69333
69335
69337
69339
69341
69343
69345
69347
69349
69351
69353
69355
69357
69359
69361
69363
69365
69367
69369
69371
69373
69375
69377
69379
69381
69383
69385
69387
69389
69391
69393
69395
69397
69399
69401
69403
69405
69407
69409
69411
69413
69415
69417
69419
69421
69423
69425
69427
69429
69431
69433
69435
69437
69439
69441
69443
69445
69447
69449
69451
69453
69455
69457
69459
69461
69463
69465
69467
69469
69471
69473
69475
69477
69479
69481
69483
69485
69487
69489
69491
69493
69495
69497
69499
69501
69503
69505
69507
69509
69511
69513
69515
69517
69519
69521
69523
69525
69527
69529
69531
69533
69535
69537
69539
69541
69543
69545
69547
69549
69551
69553
69555
69557
69559
69561
69563
69565
69567
69569
69571
69573
69575
69577
69579
69581
69583
69585
69587
69589
69591
69593
69595
69597
69599
69601
69603
69605
69607
69609
69611
69613
69615
69617
69619
69621
69623
69625
69627
69629
69631
69633
69635
69637
69639
69641
69643
69645
69647
69649
69651
69653
69655
69657
69659
69661
69663
69665
69667
69669
69671
69673
69675
69677
69679
69681
69683
69685
69687
69689
69691
69693
69695
69697
69699
69701
69703
69705
69707
69709
69711
69713
69715
69717
69719
69721
69723
69725
69727
69729
69731
69733
69735
69737
69739
69741
69743
69745
69747
69749
69751
69753
69755
69757
69759
69761
69763
69765
69767
69769
69771
69773
69775
69777
69779
69781
69783
69785
69787
69789
69791
69793
69795
69797
69799
69801
69803
69805
69807
69809
69811
69813
69815
69817
69819
69821
69823
69825
69827
69829
69831
69833
69835
69837
69839
69841
69843
69845
69847
69849
69851
69853
69855
69857
69859
69861
69863
69865
69867
69869
69871
69873
69875
69877
69879
69881
69883
69885
69887
69889
69891
69893
69895
69897
69899
69901
69903
69905
69907
69909
69911
69913
69915
69917
69919
69921
69923
69925
69927
69929
69931
69933
69935
69937
69939
69941
69943
69944
69945
69946
69947
69948
69949
69950
69951
69952
69953
69954
69955
69956
69957
69958
69959
69960
69961
69962
69963
69964
69965
69966
69967
69968
69969
69970
69971
69972
69973
69974
69975
69976
69977
69978
69979
69980
69981
69982
69983
69984
69985
69986
69987
69988
69989
69990
69991
69992
69993
69994
69995
69996
69997
69998
69999
77152
