2459
2461
2463
2465
2467
2469
2471
2473
2475
2477
2479
2481
2483
2485
2487
2489
2491
2493
2495
2497
2499
2501
2503
2505
2507
2509
2511
2513
2515
2517
2519
2521
2523
2525
2527
2529
2531
2533
2535
2537
2539
2541
2543
2545
2547
2549
2551
2553
2555
2557
2559
2561
2563
2565
2567
2569
2571
2573
2575
2577
2579
2581
2583
2585
2587
2589
2591
2593
2595
2597
2599
2601
2603
2605
2607
2609
2611
2613
2615
2617
2619
2621
2623
2625
2627
2629
2631
2633
2634
2635
2636
2637
2638
2639
2640
2641
2642
2643
2644
2645
2646
2647
2648
2649
2650
2651
2652
2653
2654
2655
2656
2657
2658
2659
2660
2661
2662
2663
2664
2665
2666
2667
2668
2669
2670
2671
2672
2673
2674
2675
2676
2677
2678
2679
2680
2681
2682
2683
2685
2687
2689
2691
2693
2695
2697
2699
2701
2703
2705
2707
2709
2711
2713
2715
2717
2719
2721
2723
2725
2727
2729
2731
2733
2735
2737
2739
2741
2743
2745
2747
2749
2751
2753
2755
2757
2759
2761
2763
2765
2767
2769
2771
2773
2775
2777
2779
2781
2783
2785
2787
2789
2791
2793
2795
2797
2799
2801
2803
2805
2807
2809
2811
2813
2815
2817
2819
2821
2823
2825
2827
2829
2831
2833
2835
2837
2839
2841
2843
2845
2847
2849
2851
2853
2855
2857
2859
2861
2863
2865
2867
2869
2871
2873
2875
2877
2879
2881
2883
2885
2887
2889
2891
2893
2895
2897
2898
2899
2900
2901
2902
2903
2904
2905
2906
2907
2908
2909
2910
2911
2912
2913
2914
2915
2916
2917
2918
2919
2920
2921
2922
2923
2924
2925
2926
2927
2928
2929
2930
2931
2932
2933
2934
2935
2936
2937
2938
2939
2940
2941
2942
2943
2944
2945
2946
2947
2949
2951
2953
2955
2957
2959
2961
2963
2965
2967
2969
2971
2973
2975
2977
2979
2981
2983
2985
2987
2989
2991
2993
2995
2997
2999
5325
5328
5329
5330
5331
5332
5333
5334
5335
5336
5337
5338
5340
5341
5342
5343
5344
5345
5346
5348
5349
5350
5351
5352
5353
5354
5355
5356
5357
5358
5359
5360
5361
5362
5363
5364
5365
5366
5367
5368
5369
5370
5371
5372
5373
5374
5375
5376
5377
5378
5379
5380
5381
5382
18831
18833
18835
18837
18839
18841
18843
18853
18857
18859
18861
18865
18867
18869
18871
18873
18874
18875
18879
18881
18883
18885
18887
18889
18891
18893
18895
18897
18899
18903
18905
18907
18909
18911
18913
18915
18917
18919
18921
18923
18925
18927
18929
18931
18933
18935
18937
18939
18941
18943
18945
18947
18949
18951
18953
18955
18957
18959
18961
18963
18965
18967
18969
20001
20003
20005
20007
20009
20011
20013
20015
20017
20019
20021
20023
20025
20027
20029
20031
20033
20035
20037
20039
20041
20043
20045
20047
20049
20051
20053
20055
20057
20059
20061
20063
20065
20067
20069
20071
20073
20075
20077
20079
20081
20083
20085
20087
20089
20091
20093
20095
20097
20099
20101
20103
20105
20107
20109
20111
20113
20115
20117
20119
20121
20123
20125
20127
20129
20131
20133
20135
20137
20139
20141
20143
20145
20147
20149
20151
20153
20155
20157
20159
20161
20163
20165
20167
20169
20171
20173
20175
20177
20179
20181
20183
20185
20187
20189
20191
20193
20195
20197
20199
20201
20203
20205
20207
20209
20211
20213
20215
20217
20219
20221
20223
20225
20227
20229
20231
20233
20235
20237
20239
20241
20243
20245
20247
20249
20251
20253
20255
20257
20259
20261
20263
20265
20267
20269
20271
20273
20275
20277
20279
20281
20283
20285
20287
20289
20291
20293
20295
20297
20299
20301
20303
20305
20307
20309
20311
20313
20315
20317
20319
20321
20323
20325
20327
20329
20331
20333
20335
20337
20339
20341
20343
20345
20347
20349
20351
20353
20355
20357
20359
20361
20363
20365
20367
20369
20371
20373
20375
20377
20379
20381
20383
20385
21337
21339
21341
21343
21345
21347
21349
21351
21353
21355
21357
21359
21361
21363
21365
21367
21369
21371
21373
21375
21377
21379
21381
21383
21385
21387
21389
21391
21393
21395
21397
21399
21401
21403
21405
21407
21409
21411
21413
21415
21417
21419
21421
21423
21425
21427
21429
21431
21433
21435
21437
21439
21441
21443
21445
21447
21449
21451
21453
21455
21457
21459
21461
21463
21465
21467
21469
21471
21473
21475
21477
21479
21481
21483
21485
21487
21489
21491
21493
21495
21497
21499
21501
21503
21505
21507
21509
21511
21513
21515
21517
21519
21521
21523
21525
21527
21529
21531
21533
21535
21537
21539
21541
21543
21545
21547
21549
21551
21553
21555
21557
21559
21561
21563
21565
21567
21569
21571
21573
21575
21577
21579
21581
21583
21585
21587
21589
21591
21593
21595
21597
21599
21601
21603
21605
21607
21609
21611
21613
21615
21617
21619
21621
21623
21625
21627
21629
21631
21633
21635
21637
21639
21641
21643
21645
21647
21649
21651
21653
21655
21657
21659
21661
21663
21665
21667
21669
21671
21673
21675
21677
21679
21681
21683
21685
21687
21689
21691
21693
21695
21697
21699
21701
21703
21705
21707
21709
21711
21713
21715
21717
21719
21721
21723
21725
21727
21729
21731
21733
21735
21737
21739
21741
21743
21745
21747
21749
21751
21753
21755
21757
21759
21761
21763
21765
21767
21769
21771
21773
21775
21777
21779
21781
21783
21785
21787
21789
21791
21793
21795
21797
21799
21801
21803
21805
21807
21809
21811
21813
21815
21817
21819
21821
21823
21825
21827
21829
21831
21833
21835
21837
21839
21841
21843
21845
21847
21849
21851
21853
21855
21857
21859
21861
21863
21865
21867
21869
21871
21873
21875
21877
21879
21881
21883
21885
21887
21889
21891
21893
21895
21897
21899
21901
21903
21905
21907
21909
21911
21913
21915
21917
21919
21921
21923
21925
21927
21929
21931
21933
21935
21937
21939
21941
21943
21945
21947
21949
21951
21953
21955
21957
21959
21961
21963
21965
21967
21969
21971
21973
21975
21977
21979
21981
21983
21985
21987
21989
21991
21993
21995
21997
21999
22001
22003
22005
22007
22009
22011
22013
22015
22017
22019
22021
22023
22025
22027
22029
22031
22033
22035
22037
22039
22041
22043
22045
22047
22049
22051
22053
22055
22057
22059
22061
22063
22065
22067
22069
22071
22073
22075
22077
22079
22081
22083
22085
22087
22089
22091
22093
22095
22097
22099
22101
22103
22105
22107
22109
22111
22113
22115
22117
22119
22121
22123
22125
22127
22129
22131
22133
22135
22137
22139
22141
22143
22145
22147
22149
22151
22153
22155
22157
22159
22161
22163
22165
22167
22169
22171
22173
22175
22177
22179
22181
22183
22185
22187
22189
22191
22193
22195
22197
22199
22201
22203
22205
22207
22209
22211
22213
22215
22217
22219
22221
22223
22225
22227
22229
22231
22233
22235
22237
22239
22241
22243
22245
22247
22249
22251
22253
22255
22257
22259
22261
22263
22265
22267
22269
22271
22273
22275
22277
22279
22281
22283
22285
22287
22289
22291
22293
22295
22297
22299
22301
22303
22305
22307
22309
22311
22313
22315
22317
22319
22321
22323
22325
22327
22329
22331
22333
22335
22337
22339
22341
22343
22345
22347
22349
22351
22353
22355
22357
22359
22361
22363
22365
22367
22369
22371
22373
22375
22377
22379
22381
22383
22385
22387
22389
22391
22393
22395
22397
22399
22401
22403
22405
22407
22409
22411
22413
22415
22417
22419
22421
22423
22425
22427
22429
22431
22433
22435
22437
22439
22441
22443
22445
22447
22449
22451
22453
22455
22457
22459
22461
22463
22465
22467
22469
22471
22473
22475
22477
22479
22481
22483
22485
22487
22489
22491
22493
22495
22497
22499
22501
22503
22505
22507
22509
22511
22513
22515
22517
22519
22521
22523
22525
22527
22529
22531
22533
22535
22537
22539
22541
22543
22545
22547
22549
22551
22553
22555
22557
22559
22561
22563
22565
22567
22569
22571
22573
22575
22577
22579
22581
22583
22585
22587
22589
22591
22593
22595
22597
22599
22601
22603
22605
22607
22609
22611
22613
22615
22617
22619
22621
22623
22625
22627
22629
22631
22633
22635
22637
22639
22641
22643
22645
22647
22649
22651
22653
22655
22657
22659
22661
22663
22665
22667
22669
22671
22673
22675
22677
22679
22681
22683
22685
22687
22689
22691
22693
22695
22697
22699
22701
22703
22705
22707
22709
22711
22713
22715
22717
22719
22721
22723
22725
22727
22729
22731
22733
22735
22737
22739
22741
22743
22745
22747
22749
22751
22753
22755
22757
22759
22761
22763
22765
22767
22769
22771
22773
22775
22777
22779
22781
22783
22785
22787
22789
22791
22793
22795
22797
22799
22801
22803
22805
22807
22809
22811
22813
22815
22817
22819
22821
22823
22825
22827
22829
22831
22833
22835
22837
22839
22841
22843
22845
22847
22849
22851
22853
22855
22857
22859
22861
22863
22865
22867
22869
22871
22873
22875
22877
22879
22881
22883
22885
22887
22889
22891
22893
22895
22897
22899
22901
22903
22905
22907
22909
22911
22913
22915
22917
22919
22921
22923
22925
22927
22929
22931
22933
22935
22937
22939
22941
22943
22945
22947
22949
22951
22953
22955
22957
22959
22961
22963
22965
22967
22969
22971
22973
22975
22977
22979
22981
22983
22985
22987
22989
22991
22993
22995
22997
22999
23001
23003
23005
23007
23009
23011
23013
23015
23017
23019
23021
23023
23025
23027
23029
23031
23033
23035
23037
23039
23041
23043
23045
23047
23049
23051
23053
23055
23057
23059
23061
23063
23065
23067
23069
23071
23073
23075
23077
23079
23081
23083
23085
23087
23089
23091
23093
23095
23097
23099
23101
23103
23105
23107
23109
23111
23113
23115
23117
23119
23121
23123
23125
23127
23129
23131
23133
23135
23137
23139
23141
23143
23145
23147
23149
23151
23153
23155
23157
23159
23161
23163
23165
23167
23169
23171
23173
23175
23177
23179
23181
23183
23185
23187
23189
23191
23193
23195
23197
23199
23201
23203
23205
23207
23209
23211
23213
23215
23217
23219
23221
23223
23225
23227
23229
23231
23233
23235
23237
23239
23241
23243
23245
23247
23249
23251
23253
23255
23257
23259
23261
23263
23265
23267
23269
23271
23273
23275
23277
23279
23281
23283
23285
23287
23289
23291
23293
23295
23297
23299
23301
23303
23305
23307
23309
23311
23313
23315
23317
23319
23321
23323
23325
23327
23329
23331
23333
23335
23337
23339
23341
23343
23345
23347
23349
23351
23353
23355
23357
23359
23361
23363
23365
23367
23369
23371
23373
23375
23377
23379
23381
23383
23385
23387
23389
23391
23393
23395
23397
23399
23401
23403
23405
23407
23409
23411
23413
23415
23417
23419
23421
23423
23425
23427
23429
23431
23433
23435
23437
23439
23441
23443
23445
23447
23449
23451
23453
23455
23457
23459
23461
23463
23465
23467
23469
23471
23473
23475
23477
23479
23481
23483
23485
23487
23489
23491
23493
23495
23497
23499
23501
23503
23505
23507
23509
23511
23513
23517
23519
23521
23523
23525
23527
23529
23531
23533
23535
23537
23539
23541
23543
23545
23547
23549
23551
23553
23555
23557
23559
23561
23563
23565
23567
23569
23571
23573
23575
23577
23579
23581
23583
23585
23587
23589
23591
23593
23595
23597
23599
23601
23603
23605
23607
23609
23611
23613
23615
23617
23619
23621
23623
23625
23627
23629
23631
23633
23635
23637
23639
23641
23643
23645
23647
23649
23651
23653
23655
23657
23659
23661
23663
23665
23667
23669
23671
23673
23675
23677
23679
23681
23683
23685
23687
23689
23691
23693
23695
23697
23699
23701
23703
23705
23707
23709
23711
23713
23715
23717
23719
23721
23723
23725
23727
23729
23731
23733
23735
23737
23739
23741
23743
23745
23747
23749
23751
23753
23755
23757
23759
23761
23763
23765
23767
23769
23771
23773
23775
23777
23779
23781
23783
23785
23787
23789
23791
23793
23795
23797
23799
23801
23803
23805
23807
23809
23811
23813
23815
23817
23819
23821
23823
23825
23827
23829
23831
23833
23835
23837
23839
23841
23843
23845
23847
23849
23851
23853
23855
23857
23859
23861
23863
23865
23867
23869
23871
23873
23875
23877
23879
23881
23883
23885
23887
23889
23891
23893
23895
23897
23899
23901
23903
23905
23907
23909
23911
23913
23915
23917
23919
23921
23923
23925
23927
23929
23931
23933
23935
23937
23939
23941
23943
23945
23947
23949
23951
23953
23955
23957
23959
23961
23963
23965
23967
23969
23971
23973
23975
23977
23979
23981
23983
23985
23987
23989
23991
23993
23995
23997
23999
24001
24003
24005
24007
24009
24011
24013
24015
24017
24019
24021
24023
24025
24027
24029
24031
24033
24035
24037
24039
24041
24043
24045
24047
24049
24051
24053
24055
24057
24059
24061
24063
24065
24067
24069
24071
24073
24075
24077
24079
24081
24083
24085
24087
24089
24091
24093
24095
24097
24099
24101
24103
24105
24107
24109
24111
24113
24115
24117
24119
24123
24125
24127
24129
24131
24133
24135
24137
24139
24141
24143
24145
24147
24149
24151
24153
24155
24157
24159
24161
24163
24165
24167
24169
24171
24173
24175
24177
24179
24181
24183
24185
24187
24189
24191
24193
24195
24197
24199
24201
24203
24205
24207
24209
24211
24213
24215
24217
24219
24221
24223
24225
24227
24229
24231
24233
24235
24237
24239
24241
24243
24245
24247
24249
24251
24253
24255
24257
24259
24261
24263
24265
24267
24269
24271
24273
24275
24277
24279
24281
24283
24285
24287
24289
24291
24293
24295
24297
24299
24301
24303
24305
24307
24309
24311
24313
24315
24317
24319
24321
24323
24325
24327
24329
24331
24333
24335
24337
24339
24341
24343
24345
24347
24349
24351
24353
24355
24357
24359
24361
24363
24365
24367
24369
24371
24373
24375
24377
24379
24381
24383
24385
24387
24389
24391
24393
24395
24397
24399
24401
24403
24405
24407
24409
24411
24413
24415
24417
24419
24421
24423
24425
24427
24429
24431
24433
24435
24437
24439
24441
24443
24445
24447
24449
24451
24453
24455
24457
24459
24461
24463
24465
24467
24469
24471
24473
24475
24477
24479
24481
24483
24485
24487
24489
24491
24493
24495
24497
24499
24501
24503
24505
24507
24509
24511
24513
24515
24517
24519
24521
24523
24525
24527
24529
24531
24533
24535
24537
24539
24541
24543
24545
24547
24549
24551
24553
24555
24557
24559
24561
24563
24565
24567
24569
24571
24573
24575
24577
24579
24581
24583
24585
24587
24589
24591
24593
24595
24597
24599
24601
24603
24605
24607
24609
24611
24613
24615
24617
24619
24621
24623
24625
24627
24629
24631
24633
24635
24637
24639
24641
24643
24645
24647
24649
24651
24653
24655
24657
24659
24661
24663
24665
24667
24669
24671
24673
24675
24677
24679
24681
24683
24685
24687
24689
24691
24693
24695
24697
24699
24701
24703
24705
24707
24709
24711
24713
24715
24717
24719
24721
24723
24725
24727
24729
24731
24733
24735
24737
24739
24741
24743
24745
24747
24749
24751
24753
24755
24807
24809
24811
24813
24815
24817
24819
24821
24823
24825
24827
24829
24831
24833
24835
24837
24839
24841
24843
24845
24847
24849
24851
24853
24855
24857
24859
24861
24863
24865
24867
24869
24871
24873
24875
24877
24879
24881
24883
24885
24887
24889
24891
24893
24895
24897
24899
24901
24903
24905
24907
24909
24911
24913
24915
24917
24919
24921
24923
24925
24927
24929
24931
24933
24935
24937
24939
24941
24943
24945
24947
24949
24951
24953
24955
24957
24959
24961
24963
24965
24967
24969
24971
24973
24975
24977
24979
24981
24983
24985
24987
24989
24991
24993
24995
24997
24999
25001
25003
25005
25007
25009
25011
25013
25015
25017
25019
25021
25023
25025
25027
25029
25031
25033
25035
25037
25039
25041
25043
25045
25047
25049
25051
25053
25055
25057
25059
25061
25063
25065
25067
25069
25071
25073
25075
25077
25079
25081
25083
25085
25087
25089
25091
25093
25095
25097
25099
25101
25103
25105
25107
25109
25111
25113
25115
25117
25119
25121
25123
25125
25127
25129
25131
25133
25135
25137
25139
25141
25143
25145
25147
25149
25151
25153
25155
25157
25159
25161
25163
25165
25167
25169
25171
25173
25175
25177
25179
25181
25183
25185
25187
25189
25191
25193
25195
25197
25199
25201
25203
25205
25207
25209
25211
25213
25215
25217
25219
25221
25223
25225
25227
25229
25231
25233
25235
25237
25239
25241
25243
25245
25247
25249
25251
25253
25255
25257
25259
25261
25263
25265
25267
25269
25271
25273
25275
25277
25279
25281
25283
25285
25287
25289
25291
25293
25295
25297
25299
25301
25303
25305
25307
25309
25311
25313
25315
25317
25319
25321
25323
25325
25327
25329
25331
25333
25335
25337
25339
25341
25343
25345
25347
25349
25351
25353
25355
25357
25359
25361
25363
25365
25367
25369
25371
25373
25375
25377
25379
25381
25383
25385
25387
25389
25391
25393
25395
25397
25399
25401
25403
25405
25407
25409
25411
25413
25415
25417
25419
25421
25423
25425
25427
25429
25431
25433
25435
25437
25439
25441
25443
25445
25447
25449
25451
25453
25455
25457
25459
25461
25463
25465
25467
25469
25471
25473
25475
25477
25479
25481
25483
25485
25487
25489
25491
25493
25495
25497
25499
25501
25503
25505
25507
25509
25511
25513
25515
25517
25519
25521
25523
25525
25527
25529
25531
25533
25535
25537
25539
25541
25542
25543
25544
25545
25546
25547
25548
25549
25550
25551
25553
25555
25557
25559
25561
25563
25565
25567
25569
25571
25573
25575
25577
25579
25581
25583
25585
25587
25589
25591
25593
25595
25597
25599
25601
25603
25605
25607
25609
25611
25613
25615
25617
25619
25621
25623
25625
25627
25629
25631
25633
25635
25637
25639
25641
25643
25645
25647
25649
25651
25653
25655
25657
25659
25661
25663
25665
25667
25669
25671
25673
25675
25677
25679
25681
25683
25685
25687
25689
25691
25693
25695
25697
25699
25701
25703
25705
25707
25709
25721
25723
25725
25727
25729
25851
25853
25855
25857
25859
25861
25863
25865
25867
25869
25871
25873
25875
25877
25879
25881
25883
25885
25887
25889
25891
25893
25895
25897
25899
25901
25903
25905
25907
25909
25911
25913
25915
25917
25919
25921
25923
25925
25927
25929
25931
25933
25935
25937
25939
25941
25943
25945
25947
25949
25951
25953
25955
25957
25959
25961
25963
25965
25967
25969
26077
26080
26094
26095
26096
26097
26099
26113
26147
26148
26163
26197
26199
26203
26205
26215
26216
26220
26221
26227
26228
26229
26234
26235
26237
26244
26305
26315
26324
26326
26327
26328
26329
26337
26340
26341
26342
26346
26358
26373
26374
26375
26482
26483
26487
26488
26489
26492
26493
26495
26496
26497
26498
26514
26520
26522
26550
26551
26566
26567
26573
26578
26579
26580
26581
26582
26583
26584
26585
26586
26587
26588
26589
26590
26591
26592
26593
26594
26595
26596
26597
26598
26599
26600
26610
26617
26618
26619
26620
26621
26622
26623
26624
26625
26626
26627
26628
26629
26630
26631
26632
26633
26634
26635
26636
26637
26640
26641
26642
26643
26644
26645
26646
26647
26648
26649
26650
26651
26652
26653
26654
26655
26656
26657
26658
26659
26660
26661
26662
26663
26664
26665
26666
26667
26668
26669
26670
26671
26691
26692
26693
26694
26695
26696
26697
26698
26699
26700
26701
26702
26703
26704
26705
26706
26707
26708
26709
26710
26711
26712
26713
26714
26715
26716
26717
26718
26719
26720
26721
26722
26723
26724
26725
26726
26727
26728
26729
26730
26731
26732
26733
26734
26735
26736
26737
26738
26739
26740
26741
26742
26743
26744
26745
26746
26747
26748
26749
26750
26751
26752
26753
26754
26755
26756
26757
26758
26759
26760
26761
26762
26763
26764
26765
26766
26767
26769
26770
26771
26772
26773
26774
26775
26776
26777
26778
26779
26780
26781
26782
26783
26784
26785
26786
26787
26788
26789
26790
26791
26792
26793
26794
26795
26797
26798
26799
26800
26801
26802
26803
26804
26805
26806
26807
26808
26809
26810
26811
26812
26813
26814
26815
26816
26817
26818
26819
26820
26821
26822
26823
26824
26825
26826
26827
26828
26829
26830
26831
26832
26833
26834
26835
26836
26837
26838
26839
26840
26841
26842
26843
26844
26845
26846
26847
26848
26849
26850
26851
26852
26853
26854
26855
26856
26857
26858
26859
26860
26861
26862
26863
26864
26865
26866
26867
26868
26869
26870
26871
26872
26873
26874
26875
26876
26877
26878
26879
26881
26882
26883
26885
26887
26889
26891
26892
26893
26894
26895
26896
26897
26898
26899
26900
26901
26913
26914
26915
26917
26918
26919
26921
26923
26925
26927
26929
26931
26933
26935
26937
26939
26941
26943
26945
26947
26949
26951
26953
26955
26957
26959
26961
26963
26965
26967
26969
26971
26973
26975
26977
26979
26981
26983
26985
26987
26989
26991
26993
26995
26997
26999
27001
27003
27005
27007
27009
27011
27013
27015
27017
27019
27021
27023
27025
27027
27029
27031
27033
27035
27037
27039
27041
27042
27043
27044
27045
27046
27047
27048
27049
27050
27051
27052
27053
27055
27056
27057
27058
27059
27061
27062
27063
27064
27065
27066
27067
27068
27069
27070
27071
27072
27073
27074
27075
27079
27081
27082
27083
27084
27085
27086
27087
27088
27089
27091
27092
27094
27095
27096
27097
27098
27099
27100
27102
27103
27104
27105
27106
27107
27108
27109
27110
27111
27112
27113
27114
27115
27116
27117
27118
27119
27128
27130
27131
27132
27133
27135
27136
27137
27139
27141
27143
27145
27147
27148
27149
27151
27153
27155
27157
27158
27160
27161
27162
27163
27165
27168
27169
27170
27171
27172
27175
27176
27177
27178
27179
27180
27181
27182
27183
27184
27185
27187
27188
27189
27190
27191
27192
27193
27194
27209
27210
27211
27212
27213
27214
27215
27216
27238
27240
27242
27243
27244
27247
27249
27250
27265
27266
27267
27268
27269
27270
27271
27272
27273
27277
27280
27284
27285
27286
27287
27288
27289
27320
27321
27322
27323
27324
27325
27326
27327
27328
27329
27336
27337
27338
27339
27340
27341
27342
27343
27344
27345
27346
27347
27349
27350
27351
27352
27353
27357
27358
27431
27432
27436
27439
27440
27441
27442
27443
27444
27450
27456
27465
27466
27467
27469
27471
27482
27483
27485
27486
27487
27488
27489
27490
27491
27492
27493
27494
27495
27496
27497
27498
27499
27500
27501
27502
27503
27504
27505
27506
27507
27509
27510
27511
27512
27513
27515
27516
27517
27518
27519
27520
27521
27522
27523
27525
27527
27528
27529
27531
27533
27535
27537
27539
27541
27543
27544
27545
27546
27547
27548
27549
27550
27551
27552
27553
27554
27555
27556
27557
27558
27559
27560
27561
27562
27563
27564
27565
27566
27568
27569
27570
27571
27572
27573
27574
27575
27576
27577
27578
27579
27580
27581
27582
27589
27590
27591
27592
27601
27603
27604
27605
27606
27610
27611
27612
27613
27614
27615
27616
27617
27618
27619
27620
27621
27623
27624
27631
27632
27633
27634
27635
27636
27637
27638
27640
27645
27646
27701
27703
27704
27705
27706
27743
27744
27745
27746
27747
27748
27750
27757
27758
27759
27760
27761
27762
27763
27764
27765
27766
27767
27768
27769
27770
27771
27772
27773
27774
27775
27776
27777
27778
27779
27789
27790
27791
27792
27793
27794
27795
27796
27797
27798
27799
27800
27801
27802
27803
27804
27808
27809
27817
27821
27823
27824
27826
27827
27828
27829
27833
27834
27835
27836
27837
27843
27844
27845
27846
27848
27849
27850
27851
27852
27857
27858
27859
27862
27864
27866
27867
27868
27869
27870
27871
27872
27873
27874
27875
27876
27877
27878
27879
27880
27881
27882
27883
27884
27885
27886
27887
27890
27891
27892
27893
27894
27895
27896
27897
27898
27900
27906
27907
27908
27909
27910
27913
27914
27916
27917
27918
27919
27920
27921
27922
27923
27924
27925
27926
27927
27929
27930
27932
27933
27934
27935
27936
27937
27938
27939
27940
27941
27943
27946
27947
27948
27950
27951
27953
27954
27955
27956
27957
27958
27959
27960
27961
27962
27963
27964
27965
27966
27967
27968
27969
27970
27971
27972
27973
27974
27975
27976
27977
27978
27979
27980
27981
27982
27983
27984
27985
27986
27987
27988
27989
27990
27991
27992
27993
27994
27995
27996
27997
27998
27999
28000
28001
28002
28003
28004
28005
28006
28007
28008
28009
28010
28011
28012
28013
28014
28015
28017
28019
28021
28023
28025
28027
28029
28031
28033
28035
28037
28039
28041
28043
28045
28047
28049
28051
28053
28055
28057
28059
28061
28063
28065
28067
28069
28071
28073
28075
28077
28079
28081
28083
28085
28087
28089
28091
28093
28095
28097
28099
28101
28103
28105
28107
28109
28111
28113
28115
28117
28119
28121
28123
28125
28127
28129
28131
28133
28135
28137
28139
28141
28143
28145
28147
28149
28151
28153
28155
28157
28159
28161
28163
28165
28167
28169
28171
28173
28175
28177
28179
28181
28183
28185
28187
28189
28191
28193
28195
28197
28199
28201
28203
28205
28207
28209
28211
28213
28215
28216
28217
28218
28219
28220
28221
28222
28223
28224
28225
28227
28229
28231
28233
28235
28237
28239
28241
28243
28245
28247
28249
28251
28253
28255
28257
28259
28261
28263
28265
28267
28269
28271
28273
28275
28277
28279
28281
28283
28285
28287
28289
28291
28293
28295
28297
28299
28301
28303
28305
28307
28309
28311
28313
28315
28317
28319
28321
28323
28325
28327
28329
28331
28333
28335
28337
28339
28341
28343
28345
28347
28349
28351
28353
28355
28357
28359
28361
28363
28365
28367
28369
28371
28373
28375
28377
28379
28381
28383
28385
28387
28389
28391
28393
28395
28397
28399
28401
28403
28405
28407
28409
28411
28413
28415
28417
28419
28421
28423
28425
28427
28429
28431
28433
28435
28437
28439
28441
28443
28445
28447
28449
28451
28453
28455
28457
28459
28461
28463
28465
28467
28469
28471
28473
28475
28477
28479
28481
28483
28485
28487
28489
28491
28493
28495
28497
28499
28501
28503
28505
28507
28509
28511
28513
28515
28517
28519
28521
28523
28525
28527
28529
28531
28533
28535
28537
28539
28541
28543
28545
28547
28549
28551
28553
28555
28557
28559
28561
28563
28565
28567
28569
28571
28573
28575
28577
28579
28581
28583
28585
28587
28589
28591
28593
28595
28597
28599
28601
28603
28605
28607
28609
28611
28613
28615
28617
28619
28621
28623
28625
28627
28629
28631
28633
28635
28637
28639
28641
28643
28645
28647
28649
28651
28653
28655
28657
28659
28661
28663
28665
28667
28669
28671
28673
28675
28677
28679
28681
28683
28685
28687
28689
28691
28693
28695
28697
28699
28701
28703
28705
28707
28709
28711
28713
28715
28717
28719
28721
28723
28725
28727
28729
28731
28733
28735
28737
28739
28741
28743
28745
28747
28751
28753
28755
28757
28759
28762
28763
28764
28765
29538
29539
29540
29541
29542
29543
29544
29545
29546
29547
29548
29549
29550
29551
29552
29553
29554
29555
29556
29557
29558
29559
29560
29561
29562
29563
29564
29565
29566
29567
29568
29569
29570
29571
29572
29573
29574
29575
29576
29577
29578
29579
29580
29650
29651
29652
29653
29654
29655
29656
29657
29658
29659
29660
29661
29662
29663
29664
29665
29666
29667
29668
29669
29670
29671
29672
29673
29674
29675
29676
29677
29678
29679
29680
29681
29682
29683
29684
29685
29686
29687
29688
29689
29690
29691
29692
29693
29694
29695
29696
29697
29698
29699
29700
29701
29702
29703
29704
29705
29706
29707
29708
29709
29710
29711
29712
29713
29714
29715
29716
29717
29718
29719
29720
29721
29722
29723
29724
29725
29726
29727
29728
29729
29730
29731
29732
29733
29734
29735
29736
29737
29738
29739
29740
29741
29742
29743
29744
29745
29746
29747
29748
29749
29750
29751
29752
29753
29754
29755
29756
29757
29758
29759
29760
29761
29762
29763
29764
29765
29766
29767
29768
29769
29770
29771
29772
29773
29774
29775
29776
29777
29778
29779
29780
29781
29782
29783
29784
29785
29786
29787
29788
29789
29790
29791
29792
29793
29794
29795
29796
29797
29798
29799
29800
29801
29802
29803
29804
29805
29806
29807
29808
29809
29810
29811
29812
29813
29814
29815
29816
29817
29818
29819
29820
29821
29822
29823
29824
29825
29826
29827
29828
29829
29830
29831
29832
29833
29834
29904
29905
29906
29907
29908
29909
29910
29911
29912
29913
29914
29915
29916
29917
29918
29919
29920
29921
29922
29923
29924
29925
29926
29927
29928
29929
29930
29931
29932
29933
29934
29935
29936
29937
29938
29939
29940
29941
29942
29943
29944
29945
29946
29947
29948
29949
29950
29951
29952
29953
29954
29955
29956
29957
29958
29959
29960
29961
29962
29963
29964
29965
29966
29967
29968
29969
29970
29971
29972
29973
29974
29975
29976
29977
29978
29979
29980
29981
29982
29983
29984
29985
29986
29987
29988
29989
29990
29991
29992
29993
29994
29995
29996
29997
29998
29999
77159
77161
77163
77165
77167
77169
77171
77173
77175
77177
77179
77181
77183
77185
77187
77189
77191
77193
77195
77197
77199
77201
77203
77205
77207
77209
77211
77213
77215
77217
77219
77221
77223
77225
77227
77229
77231
77233
77235
77237
77239
77241
77242
77243
77245
77247
77249
77251
77253
77255
77257
77259
77261
77263
77265
