5615
5617
5619
5621
5623
5625
5627
5629
5631
5633
5635
5637
5639
5641
5643
5645
5647
5649
5651
5653
5655
5657
5659
5661
5663
5665
5667
5669
5671
5673
5675
5677
5679
5681
5683
5685
5687
5689
5691
5693
5695
5697
5699
5701
5703
5705
5707
5709
5711
5713
5715
5717
5719
5721
5723
5725
5727
5729
5731
5733
5735
5737
5739
5741
5743
5745
5747
5749
5751
5753
5755
5757
5759
5761
5763
5765
5767
5769
5771
5773
5775
5777
5779
5781
5783
5785
5787
5789
5791
5793
5795
5797
5799
5801
5803
5805
5807
5809
5811
5813
5815
5817
5819
5821
5823
5825
5827
5829
5831
5833
5835
5837
5839
5841
5843
5845
5847
5849
5851
5853
5855
5857
5861
5863
5865
5867
5869
5871
5873
5875
5877
5879
5881
5883
5885
5887
5889
5891
5893
5895
5897
5899
5901
5903
5905
5907
5909
5911
5913
5915
5917
5919
5921
5923
5925
5927
5929
5931
5933
5935
5937
5939
5941
5943
5945
5947
5949
5951
5953
5955
5957
5959
5961
5963
5965
5967
5969
5971
5973
5975
5977
5979
5981
5983
5985
5987
5989
5991
5993
5995
5997
5999
6001
6003
6005
11001
11003
11005
11007
11009
11011
11013
11015
11017
11019
11021
11023
11025
11027
11029
11031
11033
11035
11037
11039
11041
11043
11045
11047
11049
11051
11053
11055
11057
11059
11061
11063
11065
11067
11069
11071
11073
11075
11077
11079
11081
11083
11085
11087
11089
11091
11093
11095
11097
11099
11101
11103
11105
11107
11109
11111
11113
11115
11117
11119
11121
11123
11125
11127
11129
11131
11133
11135
11137
11139
11141
11143
11145
11147
11149
11151
11153
11155
11157
11159
11161
11163
11165
11167
11169
11171
11173
11175
11177
11179
11181
11183
11185
11187
11189
11191
11193
11195
11197
11199
11201
11203
11205
11207
11209
11211
11213
11215
11217
11219
11221
11223
11225
11227
11229
11231
11233
11235
11237
11239
11241
11243
11245
11247
11249
11251
11253
11255
11257
11259
11261
11263
11265
11267
11269
11271
11273
11275
11277
11279
11281
11283
11285
11287
11289
11291
11293
11295
11297
11299
11301
11303
11305
11307
11309
11311
11313
11315
11317
11319
11321
11323
11325
11327
11329
11331
11333
11335
11337
11339
11341
11343
11345
11347
11349
11351
11353
11355
11357
11359
11361
11363
11365
11367
11369
11371
11373
11375
11377
11379
11381
11383
11385
11387
11389
11391
11393
11395
11397
11399
11401
11403
11405
11407
11409
11411
11413
11415
11417
11419
11421
11423
11425
11427
11429
11431
11433
11435
11437
11439
11441
11443
11445
11447
11449
11451
11453
11455
11457
11459
11461
11463
11465
11467
11469
11471
11473
11475
11477
11479
11481
11483
11485
11487
11489
11491
11493
11495
11497
11499
11501
11503
11505
11507
11509
11511
11513
11515
11517
11519
11521
11523
11525
11527
11529
11531
11533
11535
11537
11539
11541
11543
11545
11547
11549
11551
11553
11555
11557
11559
11561
11563
11565
11567
11569
11571
11573
11575
11577
11579
11581
11583
11585
11587
11589
11591
11593
11595
11597
11599
11601
11603
11605
11607
11609
11611
11613
11615
11617
11619
11621
11623
11625
11627
11629
11631
11633
11635
11637
11639
11641
11643
11645
11647
11649
11651
11653
11655
11657
11659
11661
11663
11665
11667
11669
11671
11673
11675
11677
11679
11681
11683
11685
11687
11689
11691
11693
11695
11697
11699
11701
11703
11705
11707
11709
11711
11713
11715
11717
11719
11721
11723
11725
11727
11729
11731
11733
11735
11737
11739
11741
11743
11745
11747
11749
11751
11753
11755
11757
11759
11761
11763
11765
11767
11769
11771
11773
11775
11777
11779
11781
11783
11785
11787
11789
11791
11793
11795
11797
11799
11801
11803
11805
11807
11809
11811
11813
11815
11817
11819
11821
11823
11825
11827
11829
11831
11833
11835
11837
11839
11841
11843
11845
11847
11849
11851
11853
11855
11857
11859
11861
11863
11865
11867
11869
11871
11873
11875
11877
11879
11881
11883
11885
11887
11889
11891
11893
11895
11897
11899
11901
11903
11905
11907
11909
11911
11913
11915
11917
11919
11921
11923
11925
11927
11929
11931
11933
11935
11937
11939
11941
11943
11945
11947
11949
11951
11953
11955
11957
11959
11961
11963
11965
11967
11969
11971
11973
11975
11977
11979
11981
11983
11985
11987
11989
11991
11993
11995
11997
11999
26578
26579
26580
26581
26582
26583
26584
26585
26586
26587
26588
26589
26590
26591
26592
26593
26594
26595
26596
26597
26598
26599
26600
26610
27482
27483
39009
39011
39013
39015
39017
39019
39021
39023
39025
39027
39029
39031
39033
39035
39037
39039
39041
39043
39045
39047
39049
39051
39053
39055
39057
39059
39061
39063
39065
39067
39069
39071
39073
39075
39077
39079
39081
39083
39085
39087
39089
39091
39093
39095
39097
39099
39101
39103
39105
39107
39109
39111
39113
39115
39117
39119
39121
39123
39125
39127
39129
39131
39133
39135
39137
39139
39141
39143
39145
39147
39149
39151
39153
39155
39157
39159
39161
39163
39165
39167
39169
39171
39173
39175
39177
39179
39181
39183
39185
39187
39189
39191
39193
39195
39197
39199
39201
39203
39205
39207
39209
39211
39213
39215
39217
39219
39221
39223
39225
39227
39229
39231
39233
39235
39237
39239
39241
39243
39245
39247
39249
39251
39253
39255
39257
39259
39261
39263
39265
39267
39269
39271
39273
39275
39277
39279
39281
39283
39285
39287
39289
39291
39293
39295
39297
39299
39301
39303
39305
39307
39309
39311
39313
39315
39317
39319
39321
39323
39325
39327
39329
39331
39333
39335
39337
39339
39341
39343
39345
39347
39349
39351
39353
39355
39357
39359
39361
39363
39365
39367
39369
39371
39373
39375
39377
39379
39381
39383
39385
39387
39389
39391
39393
39395
39397
39399
39401
39403
39405
39407
39409
39411
39413
39415
39417
39419
39421
39423
39425
39427
39429
39431
39433
39435
39437
39439
39441
39443
39445
39447
39449
39451
39453
39455
39457
39459
39461
39463
39465
39467
39469
39471
39473
39475
39477
39479
39481
39483
39485
39487
39489
39491
39493
39495
39497
39499
39501
39503
39505
39507
39509
39511
39513
39515
39517
39519
39521
39523
39525
39527
39529
39531
39533
39535
39537
39539
39541
39543
39545
39547
39549
39551
39553
39555
39557
39559
39561
39563
39565
39567
39569
39571
39573
39575
39577
39579
39581
39583
39585
39587
39589
39591
39593
39595
39597
39599
39601
39603
39605
39607
39609
39611
39613
39615
39617
39619
39621
39623
39625
39627
39629
39631
39633
39635
39637
39639
39641
39643
39645
39647
39649
39651
39653
39655
39657
39659
39661
39663
39665
39667
39669
39671
39673
39675
39677
39679
39681
39683
39685
39687
39689
39691
39693
39695
39697
39699
39701
39703
39705
39707
39709
39711
39713
39715
39717
39719
39721
39723
39725
39727
39729
39731
39733
39735
39737
39739
39741
39743
39745
39747
39749
39751
39753
39755
39757
39759
39761
39763
39765
39767
39769
39771
39773
39775
39777
39779
39781
39783
39785
39787
39789
39791
39793
39795
39797
39799
39801
39803
39805
39807
39809
39811
39813
39815
39817
39819
39821
39823
39825
39827
39829
39831
39833
39835
39837
39839
39841
39843
39845
39847
39849
39851
39853
39855
39857
39859
39861
39863
39865
39867
39869
39871
39873
39875
39877
39879
39881
39883
39885
39887
39889
39891
39893
39895
39897
39899
39901
39903
39905
39907
39909
39911
39913
39915
39917
39919
39921
39923
39925
39927
39929
39931
39933
39935
39937
39939
39941
39943
39945
39947
39949
39951
39953
39955
39957
39959
39961
39963
39965
39967
39969
39971
39973
39975
39977
39979
39981
39983
39985
39987
39989
39991
39993
39995
39997
39999
40001
40003
40005
40007
40009
40011
40013
40015
40017
40019
40021
40023
40025
40027
40029
40031
40033
40035
40037
40039
40041
40043
40045
40047
40049
40051
40053
40055
40057
40059
40061
40063
40065
40067
40069
40071
40073
40075
40077
40079
40081
40083
40085
40087
40089
40091
40093
40095
40097
40099
40101
40103
40105
40107
40109
40111
40113
40115
40117
40119
40121
40123
40125
