4861
4863
4865
4867
4869
4871
4873
4875
4877
4879
4881
4883
4885
4887
4889
4891
4893
4895
4897
4899
4901
4903
4905
4907
4909
4911
4913
4915
4917
4919
4920
4921
4922
4923
4924
4925
4926
4927
4928
4929
4930
4931
4932
4933
4935
4937
4939
4941
4943
4945
4947
4949
4950
4951
4952
4953
4954
4955
4956
4957
4958
4959
4960
4961
4962
4963
4964
4965
4966
4967
4968
4969
4970
4971
4972
4973
4974
4975
4976
4977
4978
4979
4980
4981
4982
4983
4984
4985
4986
4987
4988
4989
4990
4991
4992
4993
4994
4995
4996
4997
4998
4999
5000
5001
5002
5003
5004
5005
5006
5007
5008
5009
5010
5011
5012
5013
5014
5015
5016
5017
5018
5019
5020
5021
5023
5025
5027
5029
5031
5033
5035
5037
5041
5043
5045
5047
5049
5053
5055
5057
5059
5061
5063
5065
5067
5068
5069
5071
5073
5075
5077
5079
5081
8001
8003
8005
8007
8009
8011
8013
8015
8017
8019
8021
8023
8025
8027
8029
8031
8033
8035
8037
8039
8041
8043
8045
8047
8049
8051
8053
8055
8057
8059
8061
8063
8065
8067
8069
8071
8073
8075
8077
8079
8081
8083
8085
8087
8089
8091
8093
8095
8097
8099
8101
8103
8105
8107
8109
8111
8113
8115
8117
8119
8121
8123
8125
8127
8129
8131
8133
8135
8137
8139
8141
8143
8145
8147
8149
8151
8153
8155
8157
8159
8161
8163
8165
8167
8169
8171
8173
8175
8177
8179
8181
8183
8185
8187
8189
8191
8193
8195
8197
8199
8201
8203
8205
8207
8209
8211
8213
8215
8217
8219
8221
8223
8225
8227
8229
8231
8233
8235
8237
8239
8241
8243
8245
8247
8249
8251
8253
8255
8257
8259
8261
8263
8265
8267
8269
8271
8273
8275
8277
8279
8281
8283
8285
8287
8289
8291
8293
8295
8297
8299
8301
8303
8305
8307
8309
8311
8313
8315
8317
8319
8321
8323
8325
8327
8329
8331
8333
8335
8337
8339
8341
8343
8345
8347
8349
8351
8353
8355
8357
8359
8361
8363
8365
8367
8369
8371
8373
8375
8377
8379
8381
8383
8385
8387
8389
8391
8393
8395
8397
8399
8401
8403
8405
8407
8409
8411
8413
8415
8417
8419
8421
8423
8425
8427
8429
8431
8433
8435
8437
8439
8441
8443
8445
8447
8449
8451
8453
8455
8457
8459
8461
8463
8465
8467
8469
8471
8473
8475
8477
8479
8481
8483
8485
8487
8489
8491
8493
8495
8497
8499
8501
8503
8505
8507
8509
8511
8513
8515
8517
8519
8521
8523
8525
8527
8529
8531
8533
8535
8537
8539
8541
8543
8545
8547
8549
8551
8553
8555
8557
8559
8561
8563
8565
8567
8569
8571
8573
8575
8577
8579
8581
8583
8585
8587
8589
8591
8593
8595
8597
8599
8601
8603
8605
8607
8609
8611
8613
8615
8617
8619
8621
8623
8625
8627
8629
8631
8633
8635
8637
8639
8641
8643
8645
8647
8649
8651
8653
8655
8657
8659
8661
8663
8665
8667
8669
8671
8673
8675
8677
8679
8681
8683
8685
8687
8689
8691
8693
8695
8697
8699
8701
8703
8705
8707
8709
8711
8713
8715
8717
8719
8721
8723
8725
8727
8729
8731
8733
8735
8737
8739
8741
8743
8745
8747
8749
8751
8753
8755
8757
8759
8761
8763
8765
8767
8769
8771
8773
8775
8777
8779
8781
8783
8785
8787
8789
8791
8793
8795
8797
8799
8801
8803
8805
8807
8809
8811
8813
8815
8817
8819
8821
8823
8825
8827
8829
8831
8833
8835
8837
8839
8841
8843
8845
8847
8849
8851
8853
8855
8857
8859
8861
8863
8865
8867
8869
8871
8873
8875
8877
8879
8881
8883
8885
8887
8889
8891
8893
8895
8897
8899
8901
8903
8905
8907
8909
8911
8913
8915
8917
8919
8921
8923
8925
8927
8929
8931
8933
8935
8937
8939
8941
8943
8945
8947
8949
8951
8953
8955
8957
8959
8961
8963
8965
8967
8969
8971
8973
8975
8977
8979
8981
8983
8985
8987
8989
8991
8993
8995
8997
8999
25531
25533
25535
25537
25539
25541
25542
25543
25544
25545
25546
25547
25548
25549
25550
25551
25553
25555
25557
25559
25561
25563
25565
25567
25569
25571
25573
25575
25577
25579
25581
25583
25585
25587
25589
25591
25593
25595
25597
25599
25601
25603
25605
25607
25609
25611
25613
25615
25617
25619
25621
25623
25625
25627
25629
25631
25633
25635
25637
25639
25641
25643
25645
25647
25649
25651
25653
25655
25657
25659
25661
25663
25665
25667
25669
25671
25673
25675
25677
25679
25681
25683
25685
25687
25689
25691
25693
25695
25697
25699
25701
25703
25705
25707
25709
25721
25723
25725
25727
25729
25851
25853
25855
25857
25859
25861
25863
25865
25867
25869
25871
25873
25875
25877
25879
25881
25883
25885
25887
25889
25891
25893
25895
25897
25899
25901
25903
25905
25907
25909
25911
25913
25915
25917
25919
25921
25923
25925
25927
25929
25931
25933
25935
25937
25939
25941
25943
25945
25947
25949
25951
25953
25955
25957
25959
25961
25963
25965
25967
25969
26482
26483
26487
26488
26489
26492
26493
26495
26496
26497
26498
26514
26520
26522
26550
26551
26566
26567
26573
27041
27042
27043
27044
27045
27046
27047
27048
27049
27050
27051
27052
27053
27055
27056
27057
27058
27059
27061
27062
27063
27064
27065
27066
27067
27068
27069
27070
27071
27072
27073
27074
27075
27079
27081
27082
27083
27084
27085
27086
27087
27088
27089
27091
27092
27094
27095
27096
27097
27098
27099
27100
27102
27103
27104
27105
27106
27107
27108
27109
27110
27111
27112
27113
27114
27115
27116
27117
27118
27119
27128
27130
27131
27132
27133
27135
27136
27137
27139
27141
27143
27145
27147
27148
27149
27151
27153
27155
27157
27158
27160
27161
27162
27163
27165
27168
27169
27170
27171
27172
27175
27176
27177
27178
27179
27180
27181
27182
27183
27184
27185
27187
27188
27189
27190
27191
27192
27193
27194
27209
27210
27211
27212
27213
27214
27215
27216
71885
71889
71891
71893
71895
71897
71899
71901
71903
71905
71907
71909
71911
71913
71915
71917
71919
71921
71923
71925
71927
71929
71931
71933
71935
71937
71939
71941
71943
71945
71947
71949
71951
71953
71955
71957
71959
71961
71963
71965
71967
71969
71971
71973
71975
71977
71979
71981
71983
71985
71987
71989
71991
71993
71995
71997
71999
72001
72003
72005
72007
72009
72011
72013
72015
72017
72019
72021
72023
72025
72027
72029
72031
72033
72035
72037
72039
72041
72043
72045
72047
72049
72051
72053
72055
72057
72059
72060
72061
72062
72063
72064
72065
72066
72067
72068
72069
72070
72071
72072
72073
72074
72075
72076
72077
72078
72079
72080
72081
72082
72083
72084
72085
72086
72087
72088
72089
72090
72091
72092
72093
72094
72095
72096
72097
72098
72099
72100
72101
72102
72103
72104
72105
72106
72107
72109
72111
72113
72115
72117
72119
72121
72123
72125
72127
72129
72131
72133
72135
72137
72139
72141
72143
72145
72147
72149
72151
72153
72155
72157
72158
72159
72160
72161
72162
72163
72164
72165
72166
72167
72168
72169
72170
72171
72172
72173
72174
72175
72176
72177
72178
72179
72180
72181
72182
72183
72184
72185
72186
72187
72188
72189
72190
72191
72192
72193
72194
72195
72196
72197
72198
72199
72200
72201
72202
72203
72204
72205
72206
72207
72208
72209
72210
72211
72212
72213
72214
72215
72216
72217
72218
72219
72220
72221
72222
72223
72224
72225
72226
72227
72228
72229
72230
72231
72232
72233
72234
72235
72236
72237
72238
72239
72240
72241
72242
72243
72244
72245
72246
72247
72248
72249
72250
72251
72252
72253
72254
72255
72256
72257
72258
72259
72260
72261
72262
72263
72264
72265
72266
72267
72268
72269
72270
72271
72272
72273
72274
72275
72276
72277
72278
72279
72280
72281
72282
72283
72284
72285
72286
72287
72288
72289
72290
72291
72292
72293
72294
72295
72296
72297
72298
72299
72300
72301
72302
72303
72304
72305
72307
72309
72311
72313
72315
72317
72319
72321
72323
72325
72327
72329
72331
72333
72335
72337
72339
72341
72343
72345
72347
72349
72351
72353
72355
72357
72359
72361
72363
72365
72367
72369
72371
72373
72375
72377
72379
72381
72383
72385
72387
72389
72391
72393
72395
72397
72399
72401
72403
72539
72541
72543
72545
72547
72549
72551
72553
72555
72557
72559
72561
72563
72565
72567
72569
72571
72573
72575
72577
72579
72581
72583
72585
72587
72589
72591
72593
72595
72597
72599
72601
72603
72605
72607
72609
72611
72613
72615
72617
72619
72621
72623
72625
72627
72629
72631
72633
72635
72637
72639
72641
72643
72645
72647
72649
72651
72653
72655
72657
72659
72661
72663
72665
72667
72669
72671
72673
72675
72677
72679
72681
72683
72685
72687
72689
72691
72693
72695
72697
72699
72701
72703
72705
72707
72709
72711
72713
72715
72717
72718
72719
72720
72721
72722
72723
72724
72725
72726
72727
72728
72729
72730
72731
72732
72733
72734
72735
72736
72737
72738
72739
72740
72741
72742
72743
72744
72745
72746
72747
72748
72749
72750
72751
72752
72753
72754
72755
72756
72757
72758
72759
72760
72761
72762
72763
72764
72765
72766
72823
72825
72827
72829
72831
72833
72835
72837
72839
72841
72843
72845
72847
72849
72851
72853
72855
72857
72859
72861
72863
72865
72867
72869
72871
72873
72875
72877
72879
72881
72883
72885
72887
72889
72891
72893
72895
72897
72899
72901
72903
72905
72907
72909
72911
72913
72915
72917
72919
72921
72923
72925
72927
72929
72931
72933
72935
72937
72939
72941
72943
72945
72947
72949
72951
72953
72955
72957
72959
72961
72963
72965
72967
72969
72971
72973
72975
72977
72979
72981
72983
72985
72987
72989
72991
72993
72995
72997
72999
73001
73003
73005
73007
73009
73011
73013
73015
73017
73019
73021
73023
73025
73027
73029
73031
73033
73035
73037
73039
73041
73043
73045
73047
73049
73051
73053
73055
73057
73059
73061
73063
73065
73067
73069
73071
73073
73075
73077
73079
73081
73083
73085
73087
73089
73091
73093
73095
73097
73099
73101
73103
73105
73107
73109
73111
73113
73115
73117
73119
73121
73123
73125
73127
73129
73131
73133
73135
73137
73139
73141
73143
73145
73147
73149
73151
73153
73155
73157
73159
73161
73163
73165
73167
73169
73171
73173
73175
73177
73179
73181
73183
73185
73187
73189
73191
73193
73195
73197
73199
73201
73203
73205
73207
73209
73211
73213
73215
73217
73219
73221
73223
73225
73227
73229
73231
73233
73235
73237
73239
73241
73243
73245
73247
73249
73251
73253
73255
73257
73259
73261
73263
73265
73267
73269
73271
73273
73275
73277
73279
73281
73283
73285
73287
73289
73290
73291
73292
73293
73294
73295
73296
73297
73298
73299
73300
73301
73302
73303
73304
73305
73306
73307
73308
73309
73310
73311
73312
73313
73314
73315
73316
73317
73318
73319
73320
73321
73322
73323
73324
73325
73326
73327
73329
73331
73333
73335
73515
73517
73519
73521
73523
73525
73527
73529
73531
73533
73535
73537
73539
73541
73543
73545
73547
73549
73551
73553
73555
73557
73559
73561
73563
73565
73567
73627
73629
73631
73633
73635
73637
73639
73641
73642
73643
73644
73645
73646
73647
73648
73649
73650
73651
73652
73653
73654
73655
73656
73657
73658
73659
73660
73661
73662
73663
73664
73665
73666
73667
73668
73669
73670
73671
73672
73673
73674
73675
73676
73677
73678
73679
73680
73681
73682
73683
73684
73685
73686
73687
73688
73689
73690
73691
73692
73693
73694
73695
73696
73697
73698
73699
73700
73701
73702
73703
73704
73705
73706
73707
73708
73709
73710
73711
73712
73713
73714
73715
73716
73717
73718
73719
73720
73721
73722
73723
73724
73725
73726
73727
73728
73729
73730
73731
73732
73733
73734
73735
73736
73737
73738
73739
73740
73741
73742
73743
73744
73745
73746
73747
73748
73749
73750
73751
73752
73753
73754
73755
73756
73757
73758
73759
73760
73761
73762
73763
73764
73765
73766
73767
73769
73771
73773
73775
73777
73779
73781
73783
73785
73787
73789
73791
73793
73795
73797
73799
73801
73803
73805
73807
73809
73811
73813
73815
73817
73819
73821
73823
73825
73827
73829
73831
73833
73834
73835
73836
73837
73838
73839
73840
73841
73842
73843
73844
73845
73846
73847
73848
73849
73850
73851
73852
73853
73854
73855
73856
73857
73858
73859
73860
73861
73862
73863
73864
73865
73866
73867
73868
73869
73870
73871
73872
73873
73874
73875
73876
73877
73878
73879
73880
73881
73882
73883
73884
73885
73886
73887
73888
73889
73890
73891
73892
73893
73894
73895
73896
73897
73898
73899
73900
73901
73902
73903
73904
73905
73906
73907
73908
73909
73910
73911
73912
73913
73914
73915
73916
73917
73918
73919
73920
73921
73922
73923
73924
73925
73926
73927
73928
73929
73930
73931
73932
73933
73934
73935
73936
73937
73938
73939
73940
73941
73942
73943
73944
73945
73946
73947
73948
73949
73950
73951
73952
73953
73954
73955
73956
73957
73958
73959
73960
73961
73962
73963
73964
73965
73966
73967
73968
73969
73970
73971
73972
73973
73974
73975
73976
73977
73978
73979
73980
73981
73982
73983
73984
73985
73986
73987
73988
73989
73990
73991
73992
73993
73994
73995
73996
73997
73998
73999
74001
74003
74005
74007
74009
74011
74013
74015
74017
74019
74021
74023
74025
74027
74029
74031
74033
74035
74037
74039
74041
74043
74045
74047
74093
74094
74095
74096
74097
74098
74099
74100
74101
74102
74103
74104
74105
74106
74107
74108
74109
74110
74111
74112
74113
74114
74115
74116
74117
74118
74119
74120
74121
74122
74123
74124
74125
74126
74127
74128
74129
74130
74131
74132
74133
74134
74135
74136
74137
74138
74139
74140
74141
74142
74143
74144
74145
74146
74147
74148
74149
74150
74151
74152
74153
74155
74157
74159
74161
74163
74165
74167
74169
74171
74173
74175
74177
74179
74181
74183
74185
74187
74189
74191
74193
74195
74197
74199
74201
74258
74259
74260
74261
74262
74263
74264
74265
74266
74267
74268
74269
74270
74271
74272
74273
74274
74275
74276
74277
74278
74279
74280
74281
74282
74283
74284
74285
74286
74287
74288
74289
74290
74291
74292
74293
74294
74295
74296
74297
74298
74299
74300
74301
74302
74303
74304
74305
74306
74307
74308
74309
74310
74311
74312
74313
74314
74315
74316
74317
74318
74319
74320
74321
74322
74323
74324
74325
74326
74327
74328
74329
74330
74331
74332
74333
74334
74335
74336
74337
74338
74339
74340
74341
74342
74343
74344
74345
74346
74347
74348
74349
74350
74351
74352
74353
74354
74355
74356
74357
74358
74359
74360
74361
74362
74363
74364
74365
74366
74367
74368
74369
74370
74371
74372
74373
74374
74375
74376
74377
74378
74379
74380
74381
74382
74383
74384
74385
74386
74387
74388
74389
74390
74391
74392
74393
74394
74395
74396
74397
74398
74399
74400
74401
74403
74405
74407
74409
74411
74413
74415
74417
74419
74421
74423
74425
74427
74429
74431
74433
74435
74437
74439
74441
74443
74445
74447
74449
74451
74453
74455
74457
74459
74461
74463
74465
74467
74469
74471
74473
74475
74477
74479
74481
74483
74485
74487
74489
74491
74493
74495
74497
74555
74557
74559
74561
74563
74565
74567
74569
74571
74573
74575
74577
74579
74581
74583
74585
74587
74589
74591
74593
74595
74597
74599
74601
74603
74605
74607
74609
74611
74613
74615
74617
74619
74621
74623
74625
74627
74629
74631
74633
74635
74637
74639
74641
74643
74645
74647
74649
74651
74653
74655
74657
74659
74661
74663
74665
74667
74669
74671
74673
74675
74677
74679
74681
74683
74685
74687
74689
74691
74693
74695
74697
74699
74701
74703
74705
74707
74709
74711
74713
74715
74717
74719
74721
74723
74725
74727
74729
74731
74733
74735
74737
74739
74741
74743
74745
74747
74749
74751
74753
74755
74757
74759
74761
74763
74765
74767
74769
74771
74773
74775
74777
74779
74781
74783
74785
74787
74789
74791
74793
74795
74797
74799
74801
74803
74805
74807
74809
74811
74813
74815
74817
74819
74821
74823
74825
74827
74829
74831
74833
74835
74837
74839
74841
74843
74845
74847
74848
74849
74850
74851
74852
74853
74854
74855
74856
74857
74858
74859
74860
74861
74862
74863
74864
74865
74866
74867
74868
74869
74870
74871
74872
74873
74874
74875
74876
74877
74878
74879
74880
74881
74882
74883
74884
74885
74886
74887
74888
74889
74890
74891
74892
74893
74895
74897
74899
74901
74903
74905
74907
74909
74911
74913
74915
74917
74919
74921
74923
74925
74927
74929
74931
74933
74935
74937
74939
74941
74943
74945
74947
74949
74951
74953
74955
74957
74959
74961
74963
74965
74967
74969
74971
74973
74975
74977
74979
74981
74983
74985
74987
74989
74991
74993
74995
74997
74999
75001
75003
75005
75007
75009
75011
75013
75015
75017
75019
75021
75023
75025
75027
75029
75031
75033
75035
75037
75039
75041
75043
75045
75047
75049
75051
75053
75055
75057
75059
75061
75063
75065
75067
75069
75071
75073
75075
75077
75079
75081
75083
75085
75087
75089
75091
75093
75095
75097
75099
75101
75103
75105
75107
75109
75111
75113
75115
75117
75119
75121
75123
75125
75127
75129
75131
75133
75135
75137
75139
75141
75143
75145
75147
75149
75151
75153
75155
75157
75159
75161
75163
75165
75167
75169
75171
75173
75335
75337
75339
75341
75343
75345
75347
75349
75351
75353
75355
75357
75359
75361
75363
75365
75367
75369
75371
75373
75375
75377
75379
75381
75383
75385
75387
75389
75391
75393
75395
75397
75399
75401
75403
75405
75407
75409
75411
75413
75415
75417
75419
75421
75423
75425
75427
75429
75431
75433
75435
75437
75439
75441
75443
75445
75447
75449
75451
75453
75455
75457
75459
75461
75463
75465
75467
75469
75471
75473
75475
75477
75479
75481
75483
75485
75487
75489
75491
75493
75495
75497
75499
75501
75503
75505
75507
75509
75511
75513
75515
75517
75519
75521
75523
75525
75527
75529
75531
75533
75535
75537
75539
75541
75543
75545
75547
75549
75551
75553
75555
75557
75559
75561
75563
75565
75567
75569
75571
75573
75575
75577
75579
75581
75583
75585
75587
75589
75591
75593
75595
75597
75599
75601
75603
75605
75607
75609
75611
75613
75615
75617
75619
75621
75623
75625
75627
75629
75631
75633
75635
75637
75639
75641
75643
75645
75647
75649
75651
75653
75655
75657
75659
75661
75663
75665
75667
75669
75671
75673
75675
75677
75679
75681
75683
75685
75687
75689
75691
75693
75695
75789
75791
75793
75795
75797
75799
75801
75803
75805
75807
75809
75811
75813
75815
75817
75819
75821
75823
75825
75827
75829
75831
75833
75835
75837
75839
75841
75843
75845
75847
75849
75851
75853
75855
75857
75859
75861
75863
75865
75867
75869
75871
75873
75875
75877
75879
75881
75883
75885
75887
75889
75891
75893
75895
75897
75899
75901
75903
75963
75965
75967
75969
75971
75973
75975
75977
75979
75981
75983
75985
75987
75989
75991
75993
75995
75997
75999
76001
76003
76005
76007
76009
76059
76061
76063
76065
76067
76069
76071
76073
76075
76077
76079
76081
76083
76085
76087
76089
76091
76093
76095
76097
76099
76101
76103
76105
76107
76109
76111
76113
76115
76117
76119
76121
76123
76125
76127
76129
76131
76133
76135
76137
76139
76141
76143
76145
76146
76147
76148
76149
76150
76151
76152
76153
76154
76155
76156
76157
76158
76159
76160
76161
76162
76163
76164
76165
76166
76167
76168
76169
76170
76171
76172
76173
76174
76175
76176
76177
76178
76179
76180
76181
76182
76183
76184
76185
76186
76187
76188
76189
76190
76191
76192
76193
76195
76197
76199
76201
76203
76205
76207
76209
76211
76213
76215
76217
76219
76221
76223
76225
76227
76229
76231
76233
76235
76237
76239
76241
76243
76245
76247
76249
76251
76253
76255
76257
76259
76261
76299
76301
76303
76305
76307
76309
76311
76313
76315
76317
76319
76321
76323
76325
76327
76329
76331
76333
76335
76337
76339
76341
76343
76345
76347
76349
76351
76353
76355
76357
76359
76360
76361
76362
76363
76364
76365
76366
76367
76368
76369
76370
76371
76372
76373
76374
76375
76376
76377
76378
76379
76381
76427
76429
76431
76433
76435
76437
76439
76441
76443
76445
76447
76449
76451
76453
76455
76457
76459
76461
76463
76465
76467
76469
76471
76473
76475
76477
76479
76481
76483
76485
76487
76489
76491
76493
76495
76497
76499
76501
76503
76505
76507
76509
76511
76513
76515
76517
76519
76521
76523
76525
76527
76529
76531
76533
76535
76537
76539
76541
76543
76545
76547
76549
76551
76553
76613
76615
76617
76619
76621
76623
76625
76627
76629
76631
76633
76635
76637
76639
76641
76643
76645
76647
76649
76651
76653
76655
76657
76659
76661
76663
76665
76667
76669
76671
76673
76675
76677
76679
76681
76683
76685
76687
76689
76691
76693
76695
76697
76699
76701
76703
76705
76707
76709
76711
76713
76715
76717
76719
76721
76723
76725
76727
76729
76731
76733
76735
76737
76739
76741
76743
76745
76747
76749
76751
76753
76755
76757
76759
76761
76763
76765
76767
76769
76771
76773
76775
76777
76779
76781
76783
76785
76787
76789
76791
76793
76795
76797
76799
76800
76801
76802
76803
76804
76805
76806
76807
76808
76809
76810
76811
76813
76815
76817
76819
76821
76823
76825
76827
76829
76831
76833
76835
76837
76839
76841
76843
76845
76847
76849
76851
76852
76853
76854
76855
76856
76857
76858
76859
76860
76861
76862
76863
76864
76865
76866
76867
76868
76869
76870
76871
76872
76873
76874
76875
76876
76877
76878
76879
76880
76881
76882
76883
76884
76885
76886
76887
76888
76889
76890
76891
76892
76893
76894
76895
76896
76897
76898
76899
76900
76901
76903
76905
76907
76909
76911
76913
76915
76917
76919
76921
76923
76925
76927
76929
76931
76933
76935
76937
76939
76941
76943
76945
76947
76949
77001
77003
77005
77007
77009
77011
77013
77015
77017
77019
77021
77023
77025
77027
77029
77031
77033
77035
77037
77039
77041
77043
77045
77047
77049
77154
77155
77156
77157
