4001
4003
4005
4007
4009
4011
4013
4015
4017
4019
4021
4023
4025
4027
4029
4031
4033
4035
4037
4039
4041
4043
4045
4047
4049
4051
4053
4055
4057
4059
4061
4063
4065
4067
4069
4071
4073
4075
4077
4079
4081
4083
4085
4087
4089
4091
4093
4095
4097
4099
4101
4103
4105
4107
4109
4111
4113
4115
4117
4119
4121
4123
4125
4127
4129
4131
4133
4135
4137
4139
4141
4143
4145
4147
4149
4151
4153
4155
4157
4159
4161
4162
4163
4164
4165
4166
4167
4168
4169
4170
4171
4172
4173
4174
4175
4176
4177
4178
4179
4180
4181
4182
4183
4184
4185
4186
4187
4188
4189
4190
4191
4192
4193
4194
4195
4196
4197
4198
4199
4200
4201
4202
4203
4204
4205
4206
4207
4208
4209
4210
4211
4212
4213
4214
4215
4216
4217
4218
4219
4220
4221
4222
4223
4224
4225
4226
4227
4228
4229
4230
4231
4232
4233
4234
4235
4236
4237
4238
4239
4241
4243
4245
4247
4249
4251
4255
4257
4259
4261
4263
4265
4267
4269
4271
4273
4277
4279
4281
4283
4285
4287
4289
4291
4293
4295
4297
4299
4301
4303
4305
4307
4309
4311
4313
4315
4317
4319
4321
4323
4324
4325
4327
4329
4331
4333
4335
4337
4339
4341
4343
4345
4347
4349
4351
4353
4355
4357
4359
4361
4363
4365
4367
4369
4371
4373
4375
4377
4379
4381
4383
4385
4387
4389
4391
4393
4395
4397
4399
4401
4403
4405
4407
4409
4411
4413
4415
4417
4419
4421
4423
4425
4427
4429
4431
4433
4435
4437
4439
4441
4443
4445
4447
4449
4451
4453
4455
4457
4459
4461
4463
4465
4467
4469
4471
4473
4475
4477
4479
4481
4483
4485
4487
4489
4491
4493
4495
4497
4499
4501
4503
4505
4507
4509
4511
4513
4515
4517
4519
4521
4523
4525
4527
4529
4531
4533
4535
4537
4539
4541
4543
4545
4547
4549
4583
4584
4585
4586
4587
4588
4589
4590
4591
4592
4593
4594
4636
4637
4638
4639
4640
4641
4642
4643
4644
4645
4646
4647
4648
4649
4650
4786
4795
4797
4799
4801
4803
4805
4807
4809
4815
4821
4823
4825
4827
4829
4833
4835
4837
4839
4855
4857
4859
4861
4863
4865
4867
4869
4871
4873
4875
4877
4879
4881
4883
4885
4887
4889
4891
4893
4895
4897
4899
4901
4903
4905
4907
4909
4911
4913
4915
4917
4919
4920
4921
4922
4923
4924
4925
4926
4927
4928
4929
4930
4931
4932
4933
4935
4937
4939
4941
4943
4945
4947
4949
4950
4951
4952
4953
4954
4955
4956
4957
4958
4959
4960
4961
4962
4963
4964
4965
4966
4967
4968
4969
4970
4971
4972
4973
4974
4975
4976
4977
4978
4979
4980
4981
4982
4983
4984
4985
4986
4987
4988
4989
4990
4991
4992
4993
4994
4995
4996
4997
4998
4999
40001
40003
40005
40007
40009
40011
40013
40015
40017
40019
40021
40023
40025
40027
40029
40031
40033
40035
40037
40039
40041
40043
40045
40047
40049
40051
40053
40055
40057
40059
40061
40063
40065
40067
40069
40071
40073
40075
40077
40079
40081
40083
40085
40087
40089
40091
40093
40095
40097
40099
40101
40103
40105
40107
40109
40111
40113
40115
40117
40119
40121
40123
40125
40130
40131
41087
41089
41091
41093
41095
41097
41099
41101
41103
41105
41107
41109
41111
41113
41115
41117
41119
41121
41123
41125
41127
41129
41131
41133
41135
41137
41139
41141
41143
41145
41147
41149
41151
41153
41155
41157
41159
41161
41163
41165
41167
41169
41171
41173
41175
41177
41179
41181
41183
41185
41187
41189
41191
41193
41195
41197
41199
41201
41203
41205
41207
41209
41211
41213
41215
41217
41219
41221
41223
41225
41227
41229
41231
41233
41235
41237
41239
41241
41243
41245
41247
41249
41251
41253
41255
41257
41259
41261
41263
41265
41267
41269
41271
41273
41275
41277
41279
41281
41283
41285
41287
41289
41291
41293
41295
41297
41299
41301
41303
41305
41307
41309
41311
41313
41315
41317
41319
41321
41323
41325
41327
41329
41331
41333
41335
41337
41339
41341
41343
41345
41347
41349
41351
41353
41355
41357
41359
41361
41363
41365
41367
41369
41371
41373
41375
41377
41379
41381
41383
41385
41387
41389
41391
41393
41395
41397
41399
41401
41403
41405
41407
41409
41411
41413
41415
41417
41419
41421
41423
41425
41427
41429
41431
41433
41435
41437
41439
41441
41443
41445
41447
41449
41451
41453
41455
41457
41459
41461
41463
41465
41467
41469
41471
41473
41475
41477
41479
41481
41483
41485
41487
41489
41491
41493
41495
41497
41499
41501
41503
41505
41507
41509
41511
41513
41515
41517
41519
41521
41523
41525
41527
41529
41531
41533
41535
41537
41539
41541
41543
41545
41547
41549
41551
41553
41555
41557
41559
41561
41563
41565
41567
41569
41571
41573
41575
41577
41579
41581
41583
41585
41587
41589
41591
41593
41595
41597
41599
41601
41603
41605
41607
41609
41611
41613
41615
41617
41619
41621
41623
41625
41627
41629
41631
41633
41635
41637
41639
41641
41643
41645
41647
41649
41651
41653
41655
41657
41659
41661
41663
41665
41667
41669
41671
41673
41675
41677
41679
41681
41683
41685
41687
41689
41691
41693
41695
41697
41699
41701
41703
41705
41707
41709
41711
41713
41715
41717
41719
41721
41723
41725
41727
41729
41731
41733
41735
41737
41739
41741
41743
41745
41747
41749
41751
41753
41755
41757
41759
41761
41763
41765
41767
41769
41771
41773
41775
41777
41779
41781
41783
41785
41787
41789
41791
41793
41795
41797
41799
41801
41803
41805
41807
41809
41811
41813
41815
41817
41819
41821
41823
41825
41827
41829
41831
41833
41835
41837
41839
41841
41843
41845
41847
41849
41851
41853
41855
41857
41859
41861
41863
41865
41867
41869
41871
41873
41875
41877
41879
41881
41883
41885
41887
41889
41891
41893
41895
41897
41898
41899
41900
41901
41902
41903
41904
41905
41906
41907
41908
41909
41910
41911
41912
41913
41914
41915
41916
41917
41918
41919
41920
41921
41922
41923
41924
41925
41926
41927
41928
41929
41930
41931
41932
41933
41934
41935
41936
41937
41938
41939
41940
41941
41942
41943
41944
41945
41946
41947
41948
41949
41950
41951
41952
41953
41954
41955
41956
41957
41959
41961
41963
41965
41967
41969
41971
41973
41975
41977
41979
41981
41983
41985
41987
41989
41991
41993
41995
41997
41999
42001
42003
42005
42007
42009
42011
42013
42015
42017
42019
42021
42023
42025
42027
42029
42031
42033
42035
42037
42039
42041
42043
42045
42047
42049
42051
42053
42055
42057
42059
42061
42063
42065
42067
42069
42071
42073
42075
42077
42079
42081
42083
42085
42087
42089
42091
42093
42095
42097
42099
42101
42103
42105
42107
42109
42111
42113
42115
42117
42119
42121
42123
42125
42127
42129
42131
42133
42135
42137
42139
42141
42143
42145
42147
42149
42151
42153
42155
42157
42159
42161
42163
42165
42167
42169
42171
42173
42175
42177
42179
42181
42183
42185
42187
42189
42191
42193
42195
42197
42199
42201
42203
42205
42207
42209
42211
42213
42215
42217
42219
42221
42223
42225
42227
42229
42231
42233
42235
42237
42239
42241
42243
42245
42247
42249
42251
42253
42255
42257
42259
42261
42263
42265
42267
42269
42271
42273
42275
42277
42279
42281
42283
42285
42287
42289
42291
42293
42295
42297
42299
42301
42303
42305
42307
42309
42311
42313
42315
42317
42319
42321
42323
42325
42327
42329
42331
42333
42335
42337
42339
42341
42343
42345
42347
42349
42351
42353
42355
42357
42359
42361
42363
42365
42367
42369
42371
42373
42375
42377
42379
42381
42383
42385
42387
42389
42391
42393
42395
42397
42399
42401
42403
42405
42407
42409
42411
42413
42415
42417
42419
42421
42423
42425
42427
42429
42431
42433
42435
42437
42439
42441
42443
42445
42447
42449
42451
42453
42455
42457
42459
42461
42463
42465
42467
42469
42471
42473
42475
42477
42479
42481
42483
42485
42487
42489
42491
42493
42495
42497
42499
42501
42503
42505
42507
42509
42511
42513
42515
42517
42519
42521
42523
42525
42527
42529
42531
42533
42535
42537
42539
42541
42543
42545
42547
42549
42551
42553
42555
42557
42559
42561
42563
42565
42567
42569
42571
42573
42575
42577
42579
42581
42583
42585
42587
42589
42591
42593
42595
42597
42599
42601
42603
42605
42607
42609
42611
42613
42615
42617
42619
42621
42623
42625
42627
42629
42631
42633
42635
42637
42639
42641
42643
42645
42647
42649
42651
42653
42655
42657
42659
42661
42663
42665
42667
42669
42671
42673
42675
42677
42679
42681
42683
42685
42687
42689
42691
42693
42695
42697
42699
42701
42703
42705
42707
42709
42711
42713
42715
42717
42719
42721
42723
42725
42727
42729
42731
42733
42735
42737
42739
42741
42743
42745
42747
42749
42751
42753
42755
42757
42759
42761
42763
42765
42767
42769
42771
42773
42775
42777
42779
42781
42783
42785
42787
42789
42791
42793
42795
42797
42799
42801
42803
42805
42807
42809
42811
42813
42815
42817
42819
42821
42823
42825
42827
42829
42831
42833
42835
42837
42839
42841
42843
42845
42847
42849
42851
42853
42855
42857
42859
42861
42863
42865
42867
42869
42871
42873
42875
42877
42879
42881
42883
42885
42887
42889
42891
42893
42895
42897
42899
42901
42903
42905
42907
42909
42911
42913
42915
42917
42919
42921
42923
42925
42927
42929
42931
42933
42935
42937
42939
42941
42943
42945
42947
42949
42951
42953
42955
42957
42959
42961
42963
42965
42967
42969
42971
42973
42975
42977
42979
42981
42983
42985
42987
42989
42991
42993
42995
42997
42999
43001
43003
43005
43007
43009
43011
43013
43015
43017
43019
43021
43023
43025
43027
43029
43031
43033
43035
43037
43039
43041
43043
43045
43047
43049
43051
43053
43055
43057
43059
43061
43063
43065
43067
43069
43071
43073
43075
43077
43079
43081
43083
43085
43087
43089
43091
43093
43095
43097
43099
43101
43103
43105
43107
43109
43111
43113
43115
43117
43119
43121
43123
43125
43127
43129
43131
43133
43135
43137
43139
43141
43143
43145
43147
43149
43151
43153
43155
43157
43159
43161
43163
43165
43167
43169
43171
43173
43175
43177
43179
43181
43183
43185
43187
43189
43191
43193
43195
43197
43199
43201
43203
43205
43207
43209
43211
43213
43215
43217
43219
43221
43223
43225
43227
43229
43231
43233
43235
43237
43239
43241
43243
43245
43247
43249
43251
43253
43255
43257
43259
43261
43263
43265
43267
43269
43271
43273
43275
43277
43279
43281
43283
43285
43287
43289
43291
43293
43295
43297
43299
43301
43303
43305
43307
43309
43311
43313
43315
43317
43319
43321
43323
43325
43327
43329
43331
43333
43335
43337
43339
43341
43343
43345
43347
43349
43351
43353
43355
43357
43359
43361
43363
43365
43367
43369
43371
43373
43375
43377
43379
43381
43383
43385
43387
43389
43391
43393
43395
43397
43399
43401
43403
43405
43407
43409
43411
43413
43415
43417
43419
43421
43423
43425
43427
43429
43431
43433
43435
43437
43439
43441
43443
43445
43447
43449
43451
43453
43455
43457
43459
43461
43463
43465
43467
43469
43471
43473
43475
43477
43479
43481
43483
43485
43487
43489
43491
43493
43495
43497
43499
43501
43503
43505
43507
43509
43511
43513
43515
43517
43519
43521
43523
43525
43527
43529
43531
43533
43535
43537
43539
43541
43543
43545
43547
43549
43551
43553
43555
43557
43559
43561
43563
43565
43567
43569
43571
43573
43575
43577
43579
43581
43583
43585
43587
43589
43591
43593
43595
43597
43599
43601
43603
43605
43607
43609
43611
43613
43615
43617
43619
43621
43623
43625
43627
43629
43631
43633
43635
43637
43639
43641
43643
43645
43647
43649
43651
43653
43655
43657
43659
43661
43663
43665
43667
43669
43671
43673
43675
43677
43679
43681
43683
43685
43687
43689
43691
43693
43695
43697
43699
43701
43703
43705
43707
43709
43711
43713
43715
43717
43719
43721
43723
43725
43727
43729
43731
43733
43735
43737
43739
43741
43743
43745
43747
43749
43751
43753
43755
43757
43759
43761
43763
43765
43767
43769
43771
43773
43775
43777
43779
43781
43783
43785
43787
43789
43791
43793
43795
43797
43799
43801
43803
43805
43807
43809
43811
43813
43815
43817
43819
43821
43823
43825
43827
43829
43831
43833
43835
43837
43839
43841
43843
43845
43847
43849
43851
43853
43855
43857
43859
43861
43863
43865
43867
43869
43871
43873
43875
43877
43879
43881
43883
43885
43887
43889
43891
43893
43895
43897
43899
43901
43903
43905
43907
43909
43911
43913
43915
43917
43919
43921
43923
43925
43927
43929
43931
43933
43935
43937
43939
43941
43943
43945
43947
43949
43951
43953
43955
43957
43959
43961
43963
43965
43967
43969
43971
44407
44409
44411
44413
44415
44417
44419
44421
44423
44425
44427
44429
44431
44433
44435
44437
44439
44441
44443
44445
44447
44449
44451
44453
44455
44457
44459
44461
44463
44465
44467
44469
44471
44473
44475
44477
44479
44481
44483
44485
44487
44489
44491
44493
44495
44497
44499
44501
44503
44505
44507
44509
44511
44513
44515
44517
44519
44521
44523
44525
44527
44529
44531
44533
44535
44537
44539
44541
44543
44545
44547
44549
44551
44553
44555
44557
44559
44561
44563
44565
44567
44569
44571
44573
44575
44577
44579
44581
44583
44585
44587
44589
44591
44593
44595
44597
44599
44601
44603
44605
44607
44609
44611
44613
44615
44617
44619
44621
44623
44625
44627
44629
44631
44633
44635
44637
44639
44641
44643
44645
44647
44649
44651
44653
44655
44657
44659
44661
44663
44665
44667
44669
44671
44673
44675
44677
44679
44681
44683
44685
44687
44689
44691
44693
44695
44697
44699
44701
44703
44705
44707
44709
44711
44713
44715
44717
44719
44721
44723
44725
44727
44729
44731
44733
44735
44737
44739
44741
44743
44745
44747
44749
44751
44753
44755
44757
44759
44761
44763
44765
44767
44769
44771
44773
44775
44777
44779
44781
44783
44785
44787
44789
44791
44793
44795
44797
44799
44801
44803
44805
44807
44809
44811
44813
44815
44817
44819
44821
44823
44825
44827
44829
44831
44833
44835
44837
44839
44841
44843
44845
44847
44849
44909
44911
44913
44915
44917
44919
44921
44923
44925
44927
44929
44931
44933
44935
44937
44939
44941
44943
44945
44947
44949
44951
44953
44955
44957
44959
44961
44963
44965
44967
44969
44971
44973
44975
44977
44979
44981
44983
44985
44987
44989
44991
44993
44995
44997
44999
45001
45003
45005
45007
45009
45011
45013
45015
45017
45019
45021
45023
45025
45027
45029
45031
45033
45035
45037
45039
45041
45043
45045
45047
45049
45051
45053
45055
45057
45059
45061
45063
45065
45067
45069
45071
45073
45075
45077
45079
45081
45083
45085
45087
45089
45091
45093
45095
45097
45099
45101
45103
45105
45107
45109
45111
45113
45115
45117
45119
45121
45123
45125
45127
45129
45131
45133
45135
45137
45139
45141
45143
45145
45147
45149
45151
45153
45155
45157
45159
45161
45163
45165
45167
45169
45171
45173
45175
45177
45179
45181
45183
45185
45187
45189
45191
45193
45195
45197
45199
45201
45203
45205
45207
45209
45211
45213
45215
45217
45219
45221
45223
45225
45227
45229
45231
45233
45235
45237
45239
45241
45243
45245
45247
45249
45251
45253
45255
45257
45259
45261
45263
45265
45267
45269
45271
45273
45275
45277
45279
45281
45283
45285
45287
45289
45291
45293
45295
45297
45299
45301
45303
45305
45307
45309
45311
45313
45315
45317
45319
45321
45323
45325
45327
45329
45331
45333
45335
45337
45339
45341
45343
45345
45347
45349
45351
45353
45355
45357
45359
45361
45363
45365
45367
45369
45371
45373
45375
45377
45379
45381
45383
45385
45387
45389
45391
45393
45395
45397
45399
45401
45403
45405
45407
45409
45411
45413
45415
45417
45419
45421
45423
45425
45427
45429
45431
45433
45435
45437
45439
45441
45443
45445
45447
45449
45451
45453
45455
45457
45459
45461
45463
45465
45467
45469
45471
45473
45475
45477
45479
45481
45483
45485
45487
45489
45491
45493
45495
45497
45499
45501
45503
45505
45507
45509
45511
45513
45515
45517
45519
45521
45523
45525
45527
45529
45531
45533
45535
45537
45539
45541
45543
45545
45547
45549
45551
45553
45555
45557
45559
45561
45563
45565
45567
45569
45571
45573
45575
45577
45579
45581
45583
45585
45587
45589
45591
45593
45595
45597
45599
45601
45603
45605
45607
45609
45611
45613
45615
45617
45619
45621
45623
45625
45627
45629
45631
45633
45635
45637
45639
45641
45643
45645
45647
45649
45651
45653
45655
45657
45659
45661
45663
45665
45667
45669
45671
45673
45675
45677
45679
45681
45683
45685
45687
45689
45691
45693
45695
45697
45699
45701
45703
45705
45707
45709
45711
45713
45715
45717
45719
45721
45723
45725
45727
45729
45731
45733
45735
45737
45739
45741
45743
45745
45747
45749
45751
45753
45755
45757
45759
45761
45763
45765
45767
45769
45771
45773
45775
45777
45779
45781
45783
45785
45787
45789
45791
45793
45795
45797
45799
45801
45803
45805
45807
45809
45811
45813
45815
45817
45819
45821
45823
45825
45827
45829
45831
45833
45835
45837
45839
45841
45843
45845
45847
45849
45851
45853
45855
45857
45859
45861
45863
45865
45867
45869
45871
45873
45875
45877
45879
45881
45883
45885
45887
45889
45891
45893
45895
45897
45899
45901
45903
45905
45907
45909
45911
45913
45915
45917
45919
45921
45923
45925
45927
45929
45931
45933
45935
45937
45939
45941
45943
45945
46035
46037
46039
46041
46043
46045
46047
46049
46051
46053
46055
46057
46059
46061
46063
46065
46067
46069
46071
46073
46075
46077
46079
46081
46083
46085
46087
46089
46091
46093
46095
46097
46099
46101
46103
46105
46107
46109
46111
46113
46115
46117
46119
46121
46123
46125
46127
46129
46131
46133
46135
46137
46139
46141
46143
46145
46147
46149
46151
46153
46155
46157
46159
46161
46163
46165
46167
46169
46171
46173
46175
46177
46179
46181
46183
46185
46187
46189
46191
46193
46195
46197
46199
46201
46203
46205
46207
46209
46211
46213
46215
46217
46219
46221
46223
46225
46227
46229
46231
46233
46235
46237
46239
46241
46243
46245
46247
46249
46251
46253
46255
46257
46259
46261
46263
46265
46267
46269
46271
46273
46275
46277
46279
46281
46283
46285
46287
46289
46291
46293
46295
46297
46299
46301
46303
46305
46307
46309
46311
46313
46315
46317
46319
46321
46323
46325
46327
46329
46331
46333
46335
46337
46339
46341
46343
46345
46347
46349
46351
46353
46355
46357
46359
46361
46363
46365
46367
46369
46371
46373
46375
46377
46379
46381
46383
46385
46387
46389
46391
46393
46395
46397
46399
46401
46403
46405
46407
46409
46411
46413
46415
46417
46419
46421
46423
46425
46427
46429
46431
46433
46435
46437
46439
46441
46443
46445
46447
46449
46451
46453
46455
46457
46459
46461
46463
46465
46467
46469
46471
46473
46475
46477
46479
46481
46483
46485
46487
46489
46491
46493
46495
46497
46499
46501
46503
46505
46507
46509
46511
46513
46515
46517
46519
46521
46581
46583
46585
46587
46589
46591
46593
46595
46597
46599
46601
46603
46605
46607
46609
46611
46613
46615
46617
46619
46621
46623
47007
47009
47011
47013
47015
47017
47019
47021
47023
47025
47027
47029
47031
47033
47035
47037
47039
47041
47043
47045
47047
47049
47051
47053
47055
47057
47059
47061
47063
47065
47067
47069
47071
47073
47075
47077
47079
47081
47083
47085
47087
47089
47091
47093
47095
47097
47099
47101
47103
47105
47107
47109
47111
47113
47115
47117
47119
47121
47123
47125
47127
47129
47131
47133
47135
47137
47139
47141
47143
47145
47147
47149
47151
47153
47155
47157
47159
47161
47163
47165
47167
47169
47171
47173
47175
47177
47179
47181
47183
47185
47187
47189
47191
47193
47195
47197
47199
47201
47203
47205
47207
47209
47211
47213
47215
47217
47219
47221
47223
47225
47227
47229
47231
47233
47235
47237
47239
47241
47243
47245
47247
47249
47251
47253
47255
47257
47259
47261
47263
47265
47267
47269
47271
47273
47275
47277
47279
47281
47283
47285
47287
47289
47291
47293
47295
47297
47299
47301
47303
47305
47307
47309
47311
47313
47315
47317
47319
47321
47323
47325
47327
47329
47331
47333
47335
47337
47339
47341
47343
47345
47347
47349
47351
47353
47355
47357
47359
47361
47363
47365
47367
47369
47371
47373
47375
47377
47379
47381
47383
47385
47387
47389
47391
47393
47395
47397
47399
47401
47403
47405
47407
47409
47411
47413
47415
47417
47419
47421
47423
47425
47427
47429
47431
47433
47435
47437
47439
47441
47443
47445
47447
47449
47451
47453
47455
47457
47459
47461
47463
47465
47467
47469
47471
47473
47475
47477
47479
47481
47483
47485
47487
47489
47491
47493
47495
47497
47499
47501
47503
47505
47507
47509
47511
47513
47515
47517
47519
47521
47523
47525
47527
47529
47531
47533
47535
47537
47539
47541
47543
47545
47547
47549
47551
47553
47555
47557
47559
47561
47563
47565
47567
47569
47571
47573
47575
47577
47579
47581
47583
47585
47587
47589
47591
47593
47595
47597
47599
47601
47603
47605
47607
47609
47611
47613
47615
47617
47619
47621
47623
47625
47627
47629
47631
47633
47635
47637
47639
47641
47643
47645
47647
47649
47651
47653
47655
47657
47659
47661
47663
47665
47667
47669
47671
47673
47675
47677
47679
47681
47683
47685
47687
47689
47691
47693
47695
47697
47699
47701
47703
47705
47707
47709
47711
47713
47715
47717
47719
47721
47723
47725
47727
47729
47731
47733
47735
47737
47739
47741
47743
47745
47747
47749
47751
47753
47755
47757
47759
47761
47763
47765
47767
47769
47771
47773
47775
47777
47779
47781
47783
47785
47787
47789
47791
47793
47795
47797
47799
47801
47803
47805
47807
47809
47811
47813
47815
47817
47819
47821
47823
47825
47827
47829
47831
47833
47835
47837
47839
47841
47843
47845
47847
47849
47851
47853
47855
47857
47859
47861
47863
47865
47867
47869
47871
47873
47875
47877
47879
47881
47883
47885
47887
47889
47891
47893
47895
47897
47899
47901
47903
47905
47907
47909
47911
47913
47915
47917
47919
47921
47923
47925
47927
47929
47931
47933
47935
47937
47939
47941
47943
47945
47947
47949
47951
47953
47955
47957
47959
47961
47963
47965
47967
47969
47971
47973
47975
47977
47979
47981
47983
47985
47987
47989
47991
47993
47995
47997
47999
48001
48003
48005
48007
48009
48011
48013
48015
48017
48019
48021
48023
48025
48027
48029
48031
48033
48035
48037
48039
48041
48043
48045
48047
48049
48051
48053
48055
48057
48059
48061
48063
48065
48067
48069
48071
48073
48075
48077
48079
48081
48083
48085
48087
48089
48091
48093
48519
48521
48523
48525
48527
48529
48531
48533
48535
48537
48539
48541
48543
48545
48547
48549
48551
48553
48555
48557
48559
48561
48563
48565
48567
48569
48571
48573
48575
48577
48579
48581
48583
48585
48587
48589
48591
48593
48595
48597
48599
48601
48603
48605
48607
48609
48611
48613
48615
48617
48619
48621
48623
48625
48627
48629
48631
48633
48635
48637
48639
48641
48643
48645
48647
48649
48651
48653
48655
48657
48659
48661
48663
48665
48667
48669
48671
48673
48675
48677
48679
48681
48683
48685
48687
48689
48691
48693
48695
48697
48699
48701
48703
48705
48707
48709
48711
48713
48715
48717
48719
48721
48723
48725
48727
48729
48731
48733
48735
48737
48739
48741
48743
48745
48747
48749
48751
48753
48755
48757
48759
48761
48763
48765
48767
48769
48771
48773
48775
48777
48779
48781
48783
48785
48787
48789
48791
48793
48795
48797
48799
48801
48803
48805
48807
48809
48811
48813
48815
48817
48819
48821
48823
48825
48827
48829
48831
48833
48835
48837
48839
48841
48843
48845
48847
48849
48851
48853
48855
48857
48859
48861
48863
48865
48867
48869
48871
48873
48875
48877
48879
48881
48883
48885
48887
48889
48891
48893
48895
48897
48899
48901
48903
48905
48907
48909
48911
48913
48915
48917
48919
48921
48923
48925
48927
48929
48931
48933
48935
48937
48939
48941
48943
48945
48947
48949
48951
48953
48955
48957
48959
48961
48963
48965
48967
48969
48971
48973
48975
48977
48979
48981
48983
48985
48987
48989
48991
48993
48995
48997
48999
49001
49003
49005
49007
49009
49011
49013
49015
49017
49019
49021
49023
49025
49027
49029
49031
49033
49035
49037
49039
49041
49043
49045
49047
49049
49051
49053
49055
49057
49059
49061
49063
49065
49067
49069
49071
49073
49075
49077
49079
49245
49246
49247
49248
49249
49250
49251
49252
49253
49254
49255
49256
49257
49258
49259
49260
49261
49262
49263
49264
49265
49266
49267
49268
49269
49270
49271
49272
49273
49274
49275
49276
49277
49278
49279
49280
49281
49282
49283
49284
49285
49286
49287
49288
49289
49290
49291
49292
49293
49294
49295
49296
49297
49298
49299
49300
49301
49302
49303
49304
49305
49306
49307
49308
49309
49310
49311
49312
49313
49314
49315
49316
49317
49318
49319
49320
49321
49322
49323
49324
49325
49326
49327
49328
49329
49330
49331
49332
49333
49334
49335
49336
49337
49338
49339
49340
49341
49342
49343
49344
49345
49346
49347
49348
49349
49350
49351
49352
49353
49354
49655
49657
49659
49661
49663
49665
49667
49669
49671
49673
49675
49677
49679
49681
49683
49685
49687
49689
49691
49693
49695
49697
49699
49701
49703
49893
49894
49895
49896
49897
49898
49899
49900
49901
49902
49903
49904
49905
49906
49907
49908
49909
49910
49911
49912
49913
49914
49915
49916
49917
49918
49919
49920
49921
49922
49923
49924
49925
49926
49927
49928
49979
49981
49983
49985
49987
49989
49991
49993
49995
49997
49999
51299
51301
51303
51305
51307
51309
51311
51313
51315
51317
51319
51321
51323
51325
51327
51329
51331
51333
51335
51337
51339
51341
51343
51345
51347
51349
51351
51353
51355
51357
51359
51361
51363
51365
51367
51369
51371
51373
51375
51377
51379
51381
51383
51385
51387
51389
51391
51393
51395
51397
51399
51401
51403
51405
51407
51409
51411
51413
51415
51417
51419
52283
52285
52287
52289
52291
52293
52295
52297
52299
52301
52303
52305
52307
52309
52311
52313
52315
52317
52319
52321
52323
52325
52327
52329
52331
52333
52335
52337
