6007
6009
6011
6013
6015
6017
6019
6021
6023
6025
6027
6029
6031
6033
6035
6037
6039
6041
6043
6045
6047
6049
6051
6053
6055
6057
6059
6061
6063
6065
6067
6069
6071
6073
6075
6077
6399
6401
6403
6405
6407
6409
6411
6413
6415
6417
6419
6421
6423
6425
6427
6429
6431
6433
6435
6867
6869
6871
6873
6875
6877
6879
6881
6883
6885
6887
6889
6891
6893
6895
6897
6899
6901
6903
6905
6907
6909
6911
6913
6915
6917
6919
6921
6923
6925
6927
6929
6931
6933
6935
6937
6939
6941
6943
6945
6947
6949
6951
6953
6955
6957
6959
6961
6963
6965
6967
6969
6971
6973
6975
6977
6979
6981
6983
6985
6987
6989
6991
6993
6995
6997
6999
7001
7003
7005
7007
7009
7011
7013
7015
7017
7019
7021
7023
7025
7027
7029
7031
7033
7035
7037
7039
7041
7043
7045
7047
7049
7051
7053
7055
7057
7059
7061
7063
7065
7067
7069
7071
7073
7075
7077
7079
7081
7083
7085
7087
7089
7091
7093
7095
7097
7099
7101
7103
7105
7107
7109
7111
7113
7115
7117
7119
7121
7123
7125
7127
7129
7131
7133
7135
7137
7139
7141
7143
7145
7147
7149
7151
7153
7155
7157
7159
7161
7163
7165
7167
7169
7171
7173
7175
7177
7179
7181
7183
7185
7187
7189
7191
7193
7195
7197
7199
7201
7203
7205
7207
7209
7211
7213
7215
7217
7219
7221
7223
7225
7227
7229
7231
7233
7235
7237
7239
7241
7243
7245
7247
7249
7251
7253
7255
7257
7259
7261
7263
7265
7267
7269
7271
7273
7275
7277
7279
7281
7283
7285
7287
7289
7291
7293
7295
7297
7299
7301
7303
7305
7307
7309
7311
7313
7315
7317
7319
7321
7323
7325
7327
7329
7331
7333
7335
7337
7339
7341
7343
7345
7347
7349
7351
7353
7355
7357
7359
7361
7363
7365
7367
7369
7371
7373
7375
7377
7379
7381
7383
7385
7387
7389
7391
7393
7395
7397
7399
7401
7403
7405
7407
7409
7411
7413
7415
7417
7419
7421
7423
7425
7427
7429
7431
7433
7435
7437
7439
7441
7443
7445
7447
7449
7451
7453
7455
7457
7459
7461
7463
7465
7467
7469
7471
7473
7475
7477
7479
7481
7483
7485
7487
7489
7491
7493
7495
7497
7499
7501
7503
7505
7507
7509
7511
7513
7515
7517
7519
7521
7523
7525
7527
7529
7531
7533
7535
7537
7539
7541
7543
7545
7547
7549
7551
7553
7555
7557
7559
7561
7563
7565
7567
7569
7571
7573
7575
7577
7579
7581
7583
7585
7587
7589
7591
7593
7595
7597
7599
7601
7603
7605
7607
7609
7611
7613
7615
7617
7619
7621
7623
7625
7627
7629
7631
7633
7635
7637
7639
7641
7643
7645
7647
7649
7651
7653
7655
7657
7659
7661
7663
7665
7667
7669
7671
7673
7675
7677
7679
7681
7683
7685
7687
7689
7691
7693
7695
7697
7699
7701
7703
7705
7707
7709
7711
7713
7715
7717
7719
7721
7723
7725
7727
7729
7731
7733
7735
7737
7739
7741
7743
7745
7747
7749
7751
7753
7755
7757
7759
7761
7763
7765
7767
7769
7771
7773
7775
7777
7779
7781
7783
7785
7787
7789
7791
7793
7795
7797
7799
7801
7803
7805
7807
7809
7811
7813
7815
7817
7819
7821
7823
7825
7827
7829
7831
7833
7835
7837
7839
7841
7843
7845
7847
7849
7851
7853
7855
7857
7859
7861
7863
7865
7867
7869
7871
7873
7875
7877
7879
7881
7883
7885
7887
7889
7891
7893
7895
7897
7899
7901
7903
7905
7907
7909
7911
7913
7915
7917
7919
7921
7923
7925
7927
7929
7931
7933
7935
7937
7939
7941
7943
7945
7947
7949
7951
7953
7955
7957
7959
7961
7963
7965
7967
7969
7971
7973
7975
7977
7979
7981
7983
7985
7987
7989
7991
7993
7995
7997
7999
8001
8003
8005
8007
8009
8011
8013
8015
8017
8019
8021
8023
8025
8027
8029
8031
8033
8035
8037
8039
8041
8043
8045
8047
8049
8051
8053
8055
8057
8059
8061
8063
8065
8067
8069
8071
8073
8075
8077
8079
8081
8083
8085
8087
8089
8091
8093
8095
8097
8099
8101
8103
8105
8107
8109
8111
8113
8115
8117
8119
8121
8123
8125
8127
8129
8131
8133
8135
8137
8139
8141
8143
8145
8147
8149
8151
8153
8155
8157
8159
8161
8163
8165
8167
8169
8171
8173
8175
8177
8179
8181
8183
8185
8187
8189
8191
8193
8195
8197
8199
8201
8203
8205
8207
8209
8211
8213
8215
8217
8219
8221
8223
8225
8227
8229
8231
8233
8235
8237
8239
8241
8243
8245
8247
8249
8251
8253
8255
8257
8259
8261
8263
8265
8267
8269
8271
8273
8275
8277
8279
8281
8283
8285
8287
8289
8291
8293
8295
8297
8299
8301
8303
8305
8307
8309
8311
8313
8315
8317
8319
8321
8323
8325
8327
8329
8331
8333
8335
8337
8339
8341
8343
8345
8347
8349
8351
8353
8355
8357
8359
8361
8363
8365
8367
8369
8371
8373
8375
8377
8379
8381
8383
8385
8387
8389
8391
8393
8395
8397
8399
8401
8403
8405
8407
8409
8411
8413
8415
8417
8419
8421
8423
8425
8427
8429
8431
8433
8435
8437
8439
8441
8443
8445
8447
8449
8451
8453
8455
8457
8459
8461
8463
8465
8467
8469
8471
8473
8475
8477
8479
8481
8483
8485
8487
8489
8491
8493
8495
8497
8499
8501
8503
8505
8507
8509
8511
8513
8515
8517
8519
8521
8523
8525
8527
8529
8531
8533
8535
8537
8539
8541
8543
8545
8547
8549
8551
8553
8555
8557
8559
8561
8563
8565
8567
8569
8571
8573
8575
8577
8579
8581
8583
8585
8587
8589
8591
8593
8595
8597
8599
8601
8603
8605
8607
8609
8611
8613
8615
8617
8619
8621
8623
8625
8627
8629
8631
8633
8635
8637
8639
8641
8643
8645
8647
8649
8651
8653
8655
8657
8659
8661
8663
8665
8667
8669
8671
8673
8675
8677
8679
8681
8683
8685
8687
8689
8691
8693
8695
8697
8699
8701
8703
8705
8707
8709
8711
8713
8715
8717
8719
8721
8723
8725
8727
8729
8731
8733
8735
8737
8739
8741
8743
8745
8747
8749
8751
8753
8755
8757
8759
8761
8763
8765
8767
8769
8771
8773
8775
8777
8779
8781
8783
8785
8787
8789
8791
8793
8795
8797
8799
8801
8803
8805
8807
8809
8811
8813
8815
8817
8819
8821
8823
8825
8827
8829
8831
8833
8835
8837
8839
8841
8843
8845
8847
8849
8851
8853
8855
8857
8859
8861
8863
8865
8867
8869
8871
8873
8875
8877
8879
8881
8883
8885
8887
8889
8891
8893
8895
8897
8899
8901
8903
8905
8907
8909
8911
8913
8915
8917
8919
8921
8923
8925
8927
8929
8931
8933
8935
8937
8939
8941
8943
8945
8947
8949
8951
8953
8955
8957
8959
8961
8963
8965
8967
8969
8971
8973
8975
8977
8979
8981
8983
8985
8987
8989
8991
8993
8995
8997
8999
9001
9003
9005
9007
9009
9011
9013
9015
9017
9019
9021
9023
9025
9027
9029
9031
9033
9035
9037
9039
9041
9043
9045
9047
9049
9051
9053
9055
9057
9059
9061
9063
9065
9067
9069
9071
9073
9075
9077
9079
9081
9083
9085
9087
9089
9091
9093
9095
9097
9099
9101
9103
9105
9107
9109
9111
9113
9115
9117
9119
9121
9123
9125
9127
9129
9131
9133
9135
9137
9139
9141
9143
9145
9147
9149
9151
9153
9155
9157
9159
9161
9163
9165
9167
9169
9171
9173
9175
9177
9179
9181
9183
9185
9187
9189
9191
9193
9195
9197
9199
9201
9203
9205
9207
9209
9211
9213
9215
9217
9219
9221
9223
9225
9227
9229
9231
9233
9235
9237
9239
9241
9243
9245
9247
9249
9251
9253
9255
9257
9259
9261
9263
9265
9267
9269
9271
9273
9275
9277
9279
9281
9283
9285
9287
9289
9291
9293
9295
9297
9299
9301
9303
9305
9307
9309
9311
9313
9315
9317
9319
9321
9323
9325
9327
9329
9331
9333
9335
9337
9339
9341
9343
9345
9347
9349
9351
9353
9355
9357
9359
9361
9363
9365
9367
9369
9371
9373
9375
9377
9379
9381
9383
9385
9387
9389
9391
9393
9395
9397
9399
9401
9403
9405
9407
9409
9411
9413
9415
9417
9419
9421
9423
9425
9427
9429
9431
9433
9435
9437
9439
9441
9443
9445
9447
9449
9451
9453
9455
9457
9459
9461
9463
9465
9467
9469
9471
9473
9475
9477
9479
9481
9483
9485
9487
9489
9491
9493
9495
9497
9499
9501
9503
9505
9507
9509
9511
9513
9515
9517
9519
9521
9523
9525
9527
9529
9531
9533
9535
9537
9539
9541
9543
9545
9547
9549
9551
9553
9555
9557
9559
9561
9563
9565
9567
9569
9571
9573
9575
9577
9579
9581
9583
9585
9587
9589
9591
9593
9595
9597
9599
9601
9603
9605
9607
9609
9611
9613
9615
9617
9619
9621
9623
9625
9627
9629
9631
9633
9635
9637
9639
9641
9643
9645
9647
9649
27485
27486
27487
27488
27489
27490
27491
27492
27493
27494
27495
27496
27497
27498
27499
27500
27501
27502
27503
27504
27505
27506
40130
40131
70000
70001
70002
70003
70004
70005
70006
70007
70008
70009
70010
70011
70012
70013
70014
70015
70016
70017
70018
70019
70020
70021
70022
70023
70024
70025
70026
70027
70028
70029
70030
70031
70032
70033
70034
70035
70036
70037
70038
70039
70040
70041
70042
70043
70044
70045
70046
70047
70048
70049
70050
70051
70052
70053
70054
70055
70056
70057
70058
70059
70060
70061
70062
70063
70064
70065
70066
70067
70068
70069
70070
70071
70072
70073
70074
70075
70076
70077
70078
70079
70080
70081
70082
70083
70084
70085
70086
70087
70088
70089
70090
70091
70092
70093
70094
70095
70096
70097
70098
70099
70100
70101
70102
70103
70104
70105
70106
70107
70108
70109
70110
70111
70112
70113
70114
70115
70116
70117
70118
70119
70120
70121
70122
70123
70124
70125
70126
70127
70128
70129
70130
70131
70132
70133
70134
70135
70136
70137
70138
70139
70140
70141
70142
70143
70144
70145
70146
70147
70148
70149
70150
70151
70152
70153
70154
70155
70156
70157
70158
70159
70160
70161
70162
70163
70164
70165
70166
70167
70168
70169
70170
70171
70172
70173
70174
70175
70176
70177
70178
70179
70180
70181
70182
70183
70184
70185
70186
70187
70188
70189
70190
70191
70192
70193
70194
70195
70196
70197
70198
70199
70200
70201
70202
70203
70204
70205
70206
70207
70208
70209
70210
70211
70212
70213
70214
70215
70216
70217
70218
70219
70220
70221
70222
70223
70224
70225
70226
70227
70228
70229
70230
70231
70232
70233
70234
70235
70236
70237
70238
70239
70240
70241
70242
70243
70244
70245
70246
70247
70248
70249
70250
70251
70252
70253
70254
70255
70256
70257
70258
70259
70260
70261
70262
70263
70264
70265
70266
70267
70268
70269
70270
70271
70272
70273
70274
70275
70276
70277
70278
70279
70280
70281
70282
70283
70284
70285
70286
70287
70288
70289
70290
70291
70292
70293
70294
70295
70296
70297
70298
70299
70300
70301
70302
70303
70304
70305
70306
70307
70308
70309
70310
70311
70312
70313
70314
70315
70316
70317
70318
70319
70320
70321
70322
70323
70324
70325
70326
70327
70328
70329
70330
70331
70332
70333
70334
70335
70336
70337
70338
70339
70340
70341
70342
70343
70344
70345
70346
70347
70348
70349
70350
70351
70352
70353
70354
70355
70356
70357
70358
70359
70360
70361
70362
70363
70364
70365
70366
70367
70368
70369
70370
70371
70372
70373
70374
70375
70376
70377
70378
70379
70380
70381
70382
70383
70384
70385
70386
70387
70388
70389
70390
70391
70392
70393
70394
70395
70396
70397
70398
70399
70400
70401
70402
70403
70404
70405
70406
70407
70408
70409
70410
70411
70412
70413
70414
70415
70416
70417
70418
70419
70420
70421
70422
70423
70424
70425
70426
70427
70428
70429
70430
70431
70432
70433
70434
70435
70436
70437
70438
70439
70440
70441
70442
70443
70444
70445
70446
70447
70448
70449
70450
70451
70452
70453
70454
70455
70456
70457
70458
70459
70460
70461
70462
70463
70464
70465
70466
70467
70468
70469
70470
70471
70472
70473
70474
70475
70476
70477
70478
70479
70480
70481
70482
70483
70484
70485
70486
70487
70488
70489
70490
70491
70492
70493
70494
70495
70496
70497
70498
70499
70500
70501
70502
70503
70504
70505
70506
70507
70508
70509
70510
70511
70512
70513
70514
70515
70516
70517
70518
70519
70520
70521
70522
70523
70524
70525
70526
70527
70528
70529
70530
70531
70532
70533
70534
70535
70536
70537
70538
70539
70540
70541
70542
70543
70544
70545
70546
70547
70548
70549
70550
70551
70552
70553
70554
70555
70556
70557
70558
70559
70560
70561
70562
70563
70564
70565
70566
70567
70568
70569
70570
70571
70572
70573
70574
70575
70576
70577
70578
70579
70580
70581
70582
70583
70584
70585
70586
70587
70588
70589
70590
70591
70592
70593
70594
70595
70596
70597
70598
70599
70600
70601
70602
70603
70604
70605
70606
70607
70608
70609
70610
70611
70612
70613
70614
70615
70616
70617
70618
70619
70620
70621
70622
70623
70624
70625
70626
70627
70628
70629
70630
70631
70632
70633
70634
70635
70636
70637
70638
70639
70640
70641
70642
70643
70644
70645
70646
70647
70648
70649
70650
70651
70652
70653
70654
70655
70656
70657
70658
70659
70660
70661
70662
70663
70664
70665
70666
70667
70668
70669
70670
70671
70672
70673
70674
70675
70676
70677
70678
70679
70680
70681
70682
70683
70684
70685
70686
70687
70688
70689
70690
70691
70692
70693
70694
70695
70696
70697
70698
70699
70700
70701
70702
70703
70704
70705
70706
70707
70708
70709
70710
70711
70712
70713
70714
70715
70716
70717
70718
70719
70720
70721
70722
70723
70724
70725
70726
70727
70728
70729
70730
70731
70732
70733
70734
70735
70736
70737
70738
70739
70740
70741
70742
70743
70744
70745
70746
70747
70748
70749
70750
70751
70752
70753
70754
70755
70756
70757
70758
70759
70760
70761
70762
70763
70764
70765
70766
70767
70768
70769
70770
70771
70772
70773
70774
70775
70776
70777
70778
70779
70780
70781
70782
70783
70784
70785
70786
70787
70788
70789
70791
70793
70795
70797
70799
70801
70803
70805
70807
70809
70811
70813
70815
70817
70819
70821
70823
70825
70827
70829
70831
70833
70835
70837
70839
70841
70843
70845
70847
70849
70851
70853
70855
70857
70859
70861
70863
70865
70867
70869
70871
70873
70875
70877
70879
70881
70883
70885
70887
70889
70891
70893
70895
70897
70899
70901
70903
70905
70907
70909
70911
70913
70915
70917
70919
70921
70923
70925
70927
70929
70931
70933
70935
70937
70939
70941
70943
70945
70947
70949
70951
70953
70955
70957
70959
70961
70963
70965
70967
70969
70971
70973
70975
70977
70979
70981
70983
70985
70987
70989
70991
70993
70995
70997
70999
71001
71003
71005
71007
71009
71011
71013
71015
71017
71019
71021
71023
71025
71027
71029
71031
71033
71035
71037
71039
71041
71043
71045
71047
71049
71051
71053
71055
71057
71059
71061
71063
71065
71067
71069
71071
71073
71075
71077
71079
71081
71083
71085
71087
71089
71091
71093
71095
71097
71099
71101
71103
71105
71107
71109
71111
71113
71115
71117
71119
71121
71123
71125
71127
71129
71131
71133
71135
71137
71139
71141
71143
71145
71147
71149
71151
71153
71155
71157
71159
71161
71163
71165
71167
71169
71171
71173
71175
71177
71179
71181
71183
71185
71187
71189
71191
71193
71195
71197
71199
71201
71203
71205
71207
71209
71211
71213
71215
71217
71219
71221
71223
71225
71227
71229
71231
71233
71235
71237
71239
71241
71243
71245
71247
71249
71251
71253
71255
71257
71259
71261
71263
71265
71267
71269
71271
71273
71275
71277
71279
71281
71283
71285
71287
71289
71291
71293
71295
71297
71299
71301
71303
71305
71307
71309
71311
71313
71315
71317
71319
71321
71323
71325
71327
71329
71331
71333
71335
71337
71339
71341
71343
71345
71347
71349
71351
71353
71355
71357
71359
71361
71363
71365
71367
71369
71371
71373
71375
71377
71379
71381
71383
71385
71387
71389
71391
71393
71395
71397
71399
71401
71403
71405
71407
71409
71411
71413
71415
71417
71419
71421
71423
71425
71427
71429
71431
71433
71435
71437
71439
71441
71443
71445
71447
71449
71451
71453
71455
71457
71459
71461
71463
71465
71467
71469
71471
71473
71475
71477
71479
71481
71483
71485
71487
71489
71491
71493
71495
71497
71499
71501
71503
71505
71507
71509
71511
71513
71515
71517
71519
71521
71523
71525
71527
71529
71531
71533
71535
71537
71539
71541
71543
71545
71547
71549
71551
71553
71555
71557
71559
71561
71563
71565
71567
71569
71571
71573
71575
71577
71579
71581
71583
71585
71587
71589
71591
71593
71595
71597
71599
71601
71603
71605
71607
71609
71611
71613
71615
71617
71619
71621
71623
71625
71627
71629
71631
71633
71635
71637
71639
71641
71643
71645
71647
71649
71651
71652
71653
71654
71655
71656
71657
71658
71659
71660
71661
71662
71663
71664
71665
71666
71667
71668
71669
71670
71671
71672
71673
71674
71675
71676
71677
71678
71679
71680
71681
71682
71683
71684
71685
71686
71687
71688
71689
71690
71691
71692
71693
71694
71695
71696
71697
71698
71699
71700
71701
71702
71703
71704
71705
71706
71707
71708
71709
71710
71711
71712
71713
71714
71715
71716
71717
71718
71719
71720
71721
71722
71723
71724
71725
71726
71727
71728
71729
71730
71731
71732
71733
71734
71735
71736
71737
71738
71739
71740
71741
71742
71743
71744
71745
71746
71747
71748
71749
71750
71751
71752
71753
71754
71755
71756
71757
71758
71759
71760
71761
71763
71765
71767
71769
71771
71773
71775
71777
71779
71781
71783
71785
71787
71789
71791
71793
71795
71797
71799
71801
71803
71805
71807
71809
71811
71813
71815
71817
71819
71821
71823
71825
71827
71829
71831
71833
71835
71837
71839
71841
71843
71844
71845
71846
71847
71848
71849
71850
71851
71852
71853
71854
71855
71856
71857
71858
71859
71860
71861
71862
71863
71864
71865
71866
71867
71868
71869
71870
71871
71872
71873
71874
71875
71876
71877
71878
71879
71880
71881
71882
71883
71885
71889
71891
71893
71895
71897
71899
71901
71903
71905
71907
71909
71911
71913
71915
71917
71919
71921
71923
71925
71927
71929
71931
71933
71935
71937
71939
71941
71943
71945
71947
71949
71951
71953
71955
71957
71959
71961
71963
71965
71967
71969
71971
71973
71975
71977
71979
71981
71983
71985
71987
71989
71991
71993
71995
71997
71999
72001
72003
72005
72007
72009
72011
72013
72015
72017
72019
72021
72023
72025
72027
72029
72031
72033
72035
72037
72039
72041
72043
72045
72047
72049
72051
72053
72055
72057
72059
72060
72061
72062
72063
72064
72065
72066
72067
72068
72069
72070
72071
72072
72073
72074
72075
72076
72077
72078
72079
72080
72081
72082
72083
72084
72085
72086
72087
72088
72089
72090
72091
72092
72093
72094
72095
72096
72097
72098
72099
72100
72101
72102
72103
72104
72105
72106
72107
72109
72111
72113
72115
72117
72119
72121
72123
72125
72127
72129
72131
72133
72135
72137
72139
72141
72143
72145
72147
72149
72151
72153
72155
72157
72158
72159
72160
72161
72162
72163
72164
72165
72166
72167
72168
72169
72170
72171
72172
72173
72174
72175
72176
72177
72178
72179
72180
72181
72182
72183
72184
72185
72186
72187
72188
72189
72190
72191
72192
72193
72194
72195
72196
72197
72198
72199
72200
72201
72202
72203
72204
72205
72206
72207
72208
72209
72210
72211
72212
72213
72214
72215
72216
72217
72218
72219
72220
72221
72222
72223
72224
72225
72226
72227
72228
72229
72230
72231
72232
72233
72234
72235
72236
72237
72238
72239
72240
72241
72242
72243
72244
72245
72246
72247
72248
72249
72250
72251
72252
72253
72254
72255
72256
72257
72258
72259
72260
72261
72262
72263
72264
72265
72266
72267
72268
72269
72270
72271
72272
72273
72274
72275
72276
72277
72278
72279
72280
72281
72282
72283
72284
72285
72286
72287
72288
72289
72290
72291
72292
72293
72294
72295
72296
72297
72298
72299
72300
72301
72302
72303
72304
72305
72307
72309
72311
72313
72315
72317
72319
72321
72323
72325
72327
72329
72331
72333
72335
72337
72339
72341
72343
72345
72347
72349
72351
72353
72355
72357
72359
72361
72363
72365
72367
72369
72371
72373
72375
72377
72379
72381
72383
72385
72387
72389
72391
72393
72395
72397
72399
72401
72403
72539
72541
72543
72545
72547
72549
72551
72553
72555
72557
72559
72561
72563
72565
72567
72569
72571
72573
72575
72577
72579
72581
72583
72585
72587
72589
72591
72593
72595
72597
72599
72601
72603
72605
72607
72609
72611
72613
72615
72617
72619
72621
72623
72625
72627
72629
72631
72633
72635
72637
72639
72641
72643
72645
72647
72649
72651
72653
72655
72657
72659
72661
72663
72665
72667
72669
72671
72673
72675
72677
72679
72681
72683
72685
72687
72689
72691
72693
72695
72697
72699
72701
72703
72705
72707
72709
72711
72713
72715
72717
72718
72719
72720
72721
72722
72723
72724
72725
72726
72727
72728
72729
72730
72731
72732
72733
72734
72735
72736
72737
72738
72739
72740
72741
72742
72743
72744
72745
72746
72747
72748
72749
72750
72751
72752
72753
72754
72755
72756
72757
72758
72759
72760
72761
72762
72763
72764
72765
72766
72823
72825
72827
72829
72831
72833
72835
72837
72839
72841
72843
72845
72847
72849
72851
72853
72855
72857
72859
72861
72863
72865
72867
72869
72871
72873
72875
72877
72879
72881
72883
72885
72887
72889
72891
72893
72895
72897
72899
72901
72903
72905
72907
72909
72911
72913
72915
72917
72919
72921
72923
72925
72927
72929
72931
72933
72935
72937
72939
72941
72943
72945
72947
72949
72951
72953
72955
72957
72959
72961
72963
72965
72967
72969
72971
72973
72975
72977
72979
72981
72983
72985
72987
72989
72991
72993
72995
72997
72999
73001
73003
73005
73007
73009
73011
73013
73015
73017
73019
73021
73023
73025
73027
73029
73031
73033
73035
73037
73039
73041
73043
73045
73047
73049
73051
73053
73055
73057
73059
73061
73063
73065
73067
73069
73071
73073
73075
73077
73079
73081
73083
73085
73087
73089
73091
73093
73095
73097
73099
73101
73103
73105
73107
73109
73111
73113
73115
73117
73119
73121
73123
73125
73127
73129
73131
73133
73135
73137
73139
73141
73143
73145
73147
73149
73151
73153
73155
73157
73159
73161
73163
73165
73167
73169
73171
73173
73175
73177
73179
73181
73183
73185
73187
73189
73191
73193
73195
73197
73199
73201
73203
73205
73207
73209
73211
73213
73215
73217
73219
73221
73223
73225
73227
73229
73231
73233
73235
73237
73239
73241
73243
73245
73247
73249
73251
73253
73255
73257
73259
73261
73263
73265
73267
73269
73271
73273
73275
73277
73279
73281
73283
73285
73287
73289
73290
73291
73292
73293
73294
73295
73296
73297
73298
73299
73300
73301
73302
73303
73304
73305
73306
73307
73308
73309
73310
73311
73312
73313
73314
73315
73316
73317
73318
73319
73320
73321
73322
73323
73324
73325
73326
73327
73329
73331
73333
73335
73515
73517
73519
73521
73523
73525
73527
73529
73531
73533
73535
73537
73539
73541
73543
73545
73547
73549
73551
73553
73555
73557
73559
73561
73563
73565
73567
73627
73629
73631
73633
73635
73637
73639
73641
73642
73643
73644
73645
73646
73647
73648
73649
73650
73651
73652
73653
73654
73655
73656
73657
73658
73659
73660
73661
73662
73663
73664
73665
73666
73667
73668
73669
73670
73671
73672
73673
73674
73675
73676
73677
73678
73679
73680
73681
73682
73683
73684
73685
73686
73687
73688
73689
73690
73691
73692
73693
73694
73695
73696
73697
73698
73699
73700
73701
73702
73703
73704
73705
73706
73707
73708
73709
73710
73711
73712
73713
73714
73715
73716
73717
73718
73719
73720
73721
73722
73723
73724
73725
73726
73727
73728
73729
73730
73731
73732
73733
73734
73735
73736
73737
73738
73739
73740
73741
73742
73743
73744
73745
73746
73747
73748
73749
73750
73751
73752
73753
73754
73755
73756
73757
73758
73759
73760
73761
73762
73763
73764
73765
73766
73767
73769
73771
73773
73775
73777
73779
73781
73783
73785
73787
73789
73791
73793
73795
73797
73799
73801
73803
73805
73807
73809
73811
73813
73815
73817
73819
73821
73823
73825
73827
73829
73831
73833
73834
73835
73836
73837
73838
73839
73840
73841
73842
73843
73844
73845
73846
73847
73848
73849
73850
73851
73852
73853
73854
73855
73856
73857
73858
73859
73860
73861
73862
73863
73864
73865
73866
73867
73868
73869
73870
73871
73872
73873
73874
73875
73876
73877
73878
73879
73880
73881
73882
73883
73884
73885
73886
73887
73888
73889
73890
73891
73892
73893
73894
73895
73896
73897
73898
73899
73900
73901
73902
73903
73904
73905
73906
73907
73908
73909
73910
73911
73912
73913
73914
73915
73916
73917
73918
73919
73920
73921
73922
73923
73924
73925
73926
73927
73928
73929
73930
73931
73932
73933
73934
73935
73936
73937
73938
73939
73940
73941
73942
73943
73944
73945
73946
73947
73948
73949
73950
73951
73952
73953
73954
73955
73956
73957
73958
73959
73960
73961
73962
73963
73964
73965
73966
73967
73968
73969
73970
73971
73972
73973
73974
73975
73976
73977
73978
73979
73980
73981
73982
73983
73984
73985
73986
73987
73988
73989
73990
73991
73992
73993
73994
73995
73996
73997
73998
73999
74001
74003
74005
74007
74009
74011
74013
74015
74017
74019
74021
74023
74025
74027
74029
74031
74033
74035
74037
74039
74041
74043
74045
74047
74093
74094
74095
74096
74097
74098
74099
74100
74101
74102
74103
74104
74105
74106
74107
74108
74109
74110
74111
74112
74113
74114
74115
74116
74117
74118
74119
74120
74121
74122
74123
74124
74125
74126
74127
74128
74129
74130
74131
74132
74133
74134
74135
74136
74137
74138
74139
74140
74141
74142
74143
74144
74145
74146
74147
74148
74149
74150
74151
74152
74153
74155
74157
74159
74161
74163
74165
74167
74169
74171
74173
74175
74177
74179
74181
74183
74185
74187
74189
74191
74193
74195
74197
74199
74201
74258
74259
74260
74261
74262
74263
74264
74265
74266
74267
74268
74269
74270
74271
74272
74273
74274
74275
74276
74277
74278
74279
74280
74281
74282
74283
74284
74285
74286
74287
74288
74289
74290
74291
74292
74293
74294
74295
74296
74297
74298
74299
74300
74301
74302
74303
74304
74305
74306
74307
74308
74309
74310
74311
74312
74313
74314
74315
74316
74317
74318
74319
74320
74321
74322
74323
74324
74325
74326
74327
74328
74329
74330
74331
74332
74333
74334
74335
74336
74337
74338
74339
74340
74341
74342
74343
74344
74345
74346
74347
74348
74349
74350
74351
74352
74353
74354
74355
74356
74357
74358
74359
74360
74361
74362
74363
74364
74365
74366
74367
74368
74369
74370
74371
74372
74373
74374
74375
74376
74377
74378
74379
74380
74381
74382
74383
74384
74385
74386
74387
74388
74389
74390
74391
74392
74393
74394
74395
74396
74397
74398
74399
74400
74401
74403
74405
74407
74409
74411
74413
74415
74417
74419
74421
74423
74425
74427
74429
74431
74433
74435
74437
74439
74441
74443
74445
74447
74449
74451
74453
74455
74457
74459
74461
74463
74465
74467
74469
74471
74473
74475
74477
74479
74481
74483
74485
74487
74489
74491
74493
74495
74497
74555
74557
74559
74561
74563
74565
74567
74569
74571
74573
74575
74577
74579
74581
74583
74585
74587
74589
74591
74593
74595
74597
74599
74601
74603
74605
74607
74609
74611
74613
74615
74617
74619
74621
74623
74625
74627
74629
74631
74633
74635
74637
74639
74641
74643
74645
74647
74649
74651
74653
74655
74657
74659
74661
74663
74665
74667
74669
74671
74673
74675
74677
74679
74681
74683
74685
74687
74689
74691
74693
74695
74697
74699
74701
74703
74705
74707
74709
74711
74713
74715
74717
74719
74721
74723
74725
74727
74729
74731
74733
74735
74737
74739
74741
74743
74745
74747
74749
74751
74753
74755
74757
74759
74761
74763
74765
74767
74769
74771
74773
74775
74777
74779
74781
74783
74785
74787
74789
74791
74793
74795
74797
74799
74801
74803
74805
74807
74809
74811
74813
74815
74817
74819
74821
74823
74825
74827
74829
74831
74833
74835
74837
74839
74841
74843
74845
74847
74848
74849
74850
74851
74852
74853
74854
74855
74856
74857
74858
74859
74860
74861
74862
74863
74864
74865
74866
74867
74868
74869
74870
74871
74872
74873
74874
74875
74876
74877
74878
74879
74880
74881
74882
74883
74884
74885
74886
74887
74888
74889
74890
74891
74892
74893
74895
74897
74899
74901
74903
74905
74907
74909
74911
74913
74915
74917
74919
74921
74923
74925
74927
74929
74931
74933
74935
74937
74939
74941
74943
74945
74947
74949
74951
74953
74955
74957
74959
74961
74963
74965
74967
74969
74971
74973
74975
74977
74979
74981
74983
74985
74987
74989
74991
74993
74995
74997
74999
75001
75003
75005
75007
75009
75011
75013
75015
75017
75019
75021
75023
75025
75027
75029
75031
75033
75035
75037
75039
75041
75043
75045
75047
75049
75051
75053
75055
75057
75059
75061
75063
75065
75067
75069
75071
75073
75075
75077
75079
75081
75083
75085
75087
75089
75091
75093
75095
75097
75099
75101
75103
75105
75107
75109
75111
75113
75115
75117
75119
75121
75123
75125
75127
75129
75131
75133
75135
75137
75139
75141
75143
75145
75147
75149
75151
75153
75155
75157
75159
75161
75163
75165
75167
75169
75171
75173
75335
75337
75339
75341
75343
75345
75347
75349
75351
75353
75355
75357
75359
75361
75363
75365
75367
75369
75371
75373
75375
75377
75379
75381
75383
75385
75387
75389
75391
75393
75395
75397
75399
75401
75403
75405
75407
75409
75411
75413
75415
75417
75419
75421
75423
75425
75427
75429
75431
75433
75435
75437
75439
75441
75443
75445
75447
75449
75451
75453
75455
75457
75459
75461
75463
75465
75467
75469
75471
75473
75475
75477
75479
75481
75483
75485
75487
75489
75491
75493
75495
75497
75499
75501
75503
75505
75507
75509
75511
75513
75515
75517
75519
75521
75523
75525
75527
75529
75531
75533
75535
75537
75539
75541
75543
75545
75547
75549
75551
75553
75555
75557
75559
75561
75563
75565
75567
75569
75571
75573
75575
75577
75579
75581
75583
75585
75587
75589
75591
75593
75595
75597
75599
75601
75603
75605
75607
75609
75611
75613
75615
75617
75619
75621
75623
75625
75627
75629
75631
75633
75635
75637
75639
75641
75643
75645
75647
75649
75651
75653
75655
75657
75659
75661
75663
75665
75667
75669
75671
75673
75675
75677
75679
75681
75683
75685
75687
75689
75691
75693
75695
75697
75699
75701
75703
75705
75707
75709
75711
75713
75715
75717
75719
75721
75723
75725
75727
75729
75731
75733
75735
75737
75739
75741
75743
75745
75747
75749
75751
75753
75755
75757
75759
75761
75763
75765
75767
75769
75771
75773
75775
75777
75779
75781
75783
75785
75787
75789
75791
75793
75795
75797
75799
75801
75803
75805
75807
75809
75811
75813
75815
75817
75819
75821
75823
75825
75827
75829
75831
75833
75835
75837
75839
75841
75843
75845
75847
75849
75851
75853
75855
75857
75859
75861
75863
75865
75867
75869
75871
75873
75875
75877
75879
75881
75883
75885
75887
75889
75891
75893
75895
75897
75899
75901
75903
75963
75965
75967
75969
75971
75973
75975
75977
75979
75981
75983
75985
75987
75989
75991
75993
75995
75997
75999
76001
76003
76005
76007
76009
76059
76061
76063
76065
76067
76069
76071
76073
76075
76077
76079
76081
76083
76085
76087
76089
76091
76093
76095
76097
76099
76101
76103
76105
76107
76109
76111
76113
76115
76117
76119
76121
76123
76125
76127
76129
76131
76133
76135
76137
76139
76141
76143
76145
76146
76147
76148
76149
76150
76151
76152
76153
76154
76155
76156
76157
76158
76159
76160
76161
76162
76163
76164
76165
76166
76167
76168
76169
76170
76171
76172
76173
76174
76175
76176
76177
76178
76179
76180
76181
76182
76183
76184
76185
76186
76187
76188
76189
76190
76191
76192
76193
76195
76197
76199
76201
76203
76205
76207
76209
76211
76213
76215
76217
76219
76221
76223
76225
76227
76229
76231
76233
76235
76237
76239
76241
76243
76245
76247
76249
76251
76253
76255
76257
76259
76261
76299
76301
76303
76305
76307
76309
76311
76313
76315
76317
76319
76321
76323
76325
76327
76329
76331
76333
76335
76337
76339
76341
76343
76345
76347
76349
76351
76353
76355
76357
76359
76360
76361
76362
76363
76364
76365
76366
76367
76368
76369
76370
76371
76372
76373
76374
76375
76376
76377
76378
76379
76381
76427
76429
76431
76433
76435
76437
76439
76441
76443
76445
76447
76449
76451
76453
76455
76457
76459
76461
76463
76465
76467
76469
76471
76473
76475
76477
76479
76481
76483
76485
76487
76489
76491
76493
76495
76497
76499
76501
76503
76505
76507
76509
76511
76513
76515
76517
76519
76521
76523
76525
76527
76529
76531
76533
76535
76537
76539
76541
76543
76545
76547
76549
76551
76553
76613
76615
76617
76619
76621
76623
76625
76627
76629
76631
76633
76635
76637
76639
76641
76643
76645
76647
76649
76651
76653
76655
76657
76659
76661
76663
76665
76667
76669
76671
76673
76675
76677
76679
76681
76683
76685
76687
76689
76691
76693
76695
76697
76699
76701
76703
76705
76707
76709
76711
76713
76715
76717
76719
76721
76723
76725
76727
76729
76731
76733
76735
76737
76739
76741
76743
76745
76747
76749
76751
76753
76755
76757
76759
76761
76763
76765
76767
76769
76771
76773
76775
76777
76779
76781
76783
76785
76787
76789
76791
76793
76795
76797
76799
76800
76801
76802
76803
76804
76805
76806
76807
76808
76809
76810
76811
76813
76815
76817
76819
76821
76823
76825
76827
76829
76831
76833
76835
76837
76839
76841
76843
76845
76847
76849
76851
76852
76853
76854
76855
76856
76857
76858
76859
76860
76861
76862
76863
76864
76865
76866
76867
76868
76869
76870
76871
76872
76873
76874
76875
76876
76877
76878
76879
76880
76881
76882
76883
76884
76885
76886
76887
76888
76889
76890
76891
76892
76893
76894
76895
76896
76897
76898
76899
76900
76901
76903
76905
76907
76909
76911
76913
76915
76917
76919
76921
76923
76925
76927
76929
76931
76933
76935
76937
76939
76941
76943
76945
76947
76949
77001
77003
77005
77007
77009
77011
77013
77015
77017
77019
77021
77023
77025
77027
77029
77031
77033
77035
77037
77039
77041
77043
77045
77047
77049
77051
77053
77055
77057
77059
77061
77063
77065
77067
77069
77071
77073
77075
77077
77079
77081
77083
77085
77087
77089
77091
77093
77095
77097
77099
77101
77103
77105
77107
77109
77111
77113
77115
77117
77119
77121
77123
77125
77127
77129
77131
77133
77135
77137
77139
77141
77143
77145
77147
77149
77151
77152
77154
77155
77156
77157
77159
77161
77163
77165
77167
77169
77171
77173
77175
77177
77179
77181
77183
77185
77187
77189
77191
77193
77195
77197
77199
77201
77203
77205
77207
77209
77211
77213
77215
77217
77219
77221
77223
77225
77227
77229
77231
77233
77235
77237
77239
77241
77242
77243
77245
77247
77249
77251
77253
77255
77257
77259
77261
77263
77265
