4325
4327
4329
4331
4333
4335
4337
4339
4341
4343
4345
4347
4349
4351
4353
4355
4357
4359
4361
4363
4365
4367
4369
4371
4373
4375
4377
4379
4381
4383
4385
4387
4389
4391
4393
4395
4397
4399
4401
4403
4405
4407
4409
4411
4413
4415
4417
4419
4421
4423
4425
4427
4429
4431
4433
4435
4437
4439
4441
4443
4445
4447
4449
4451
4453
4455
4457
4459
4461
4463
4465
4467
4469
4471
4473
4475
4477
4479
4481
4483
4485
4487
4489
4491
4493
4495
4497
4499
4501
4503
4505
4507
4509
4511
4513
4515
4517
4519
4521
4523
4525
4527
4529
4531
4533
4535
4537
4539
4541
4543
4545
4547
4549
9001
9003
9005
9007
9009
9011
9013
9015
9017
9019
9021
9023
9025
9027
9029
9031
9033
9035
9037
9039
9041
9043
9045
9047
9049
9051
9053
9055
9057
9059
9061
9063
9065
9067
9069
9071
9073
9075
9077
9079
9081
9083
9085
9087
9089
9091
9093
9095
9097
9099
9101
9103
9105
9107
9109
9111
9113
9115
9117
9119
9121
9123
9125
9127
9129
9131
9133
9135
9137
9139
9141
9143
9145
9147
9149
9151
9153
9155
9157
9159
9161
9163
9165
9167
9169
9171
9173
9175
9177
9179
9181
9183
9185
9187
9189
9191
9193
9195
9197
9199
9201
9203
9205
9207
9209
9211
9213
9215
9217
9219
9221
9223
9225
9227
9229
9231
9233
9235
9237
9239
9241
9243
9245
9247
9249
9251
9253
9255
9257
9259
9261
9263
9265
9267
9269
9271
9273
9275
9277
9279
9281
9283
9285
9287
9289
9291
9293
9295
9297
9299
9301
9303
9305
9307
9309
9311
9313
9315
9317
9319
9321
9323
9325
9327
9329
9331
9333
9335
9337
9339
9341
9343
9345
9347
9349
9351
9353
9355
9357
9359
9361
9363
9365
9367
9369
9371
9373
9375
9377
9379
9381
9383
9385
9387
9389
9391
9393
9395
9397
9399
9401
9403
9405
9407
9409
9411
9413
9415
9417
9419
9421
9423
9425
9427
9429
9431
9433
9435
9437
9439
9441
9443
9445
9447
9449
9451
9453
9455
9457
9459
9461
9463
9465
9467
9469
9471
9473
9475
9477
9479
9481
9483
9485
9487
9489
9491
9493
9495
9497
9499
9501
9503
9505
9507
9509
9511
9513
9515
9517
9519
9521
9523
9525
9527
9529
9531
9533
9535
9537
9539
9541
9543
9545
9547
9549
9551
9553
9555
9557
9559
9561
9563
9565
9567
9569
9571
9573
9575
9577
9579
9581
9583
9585
9587
9589
9591
9593
9595
9597
9599
9601
9603
9605
9607
9609
9611
9613
9615
9617
9619
9621
9623
9625
9627
9629
9631
9633
9635
9637
9639
9641
9643
9645
9647
9649
9651
9653
9655
9657
9659
9661
9663
9665
9667
9669
9671
9673
9675
9677
9679
9681
9683
9685
9687
9689
9691
9693
9695
9697
9699
9701
9703
9705
9707
9709
9711
9713
9715
9717
9719
9721
9723
9725
9727
9729
9731
9733
9735
9737
9739
9741
9743
9745
9747
9749
9751
9753
9755
9757
9759
9761
9763
9765
9767
9769
9771
9773
9775
9777
9779
9781
9783
9785
9787
9789
9791
9793
9795
9797
9799
9801
9803
9805
9807
9809
9811
9813
9815
9817
9819
9821
9823
9825
9827
9829
9831
9833
9835
9837
9839
9841
9843
9845
9847
9849
9851
9853
9855
9857
9859
9861
9863
9865
9867
9869
9871
9873
9875
9877
9879
9881
9883
9885
9887
9889
9891
9893
9895
9897
9899
9901
9903
9905
9907
9909
9911
9913
9915
9917
9919
9921
9923
9925
9927
9929
9931
9933
9935
9937
9939
9941
9943
9945
9947
9949
9951
9953
9955
9957
9959
9961
9963
9965
9967
9969
9971
9973
9975
9977
9979
9981
9983
9985
9987
9989
9991
9993
9995
9997
9999
14675
14677
14679
14681
14683
14685
14687
14689
14691
14693
14695
14697
14699
14701
14703
14705
14707
14709
14711
14713
14715
14717
14719
14721
14723
14725
14727
14729
14731
14733
14735
14737
14739
14741
14743
14745
14747
14749
14751
14753
14755
14757
14759
14761
14763
14765
14767
14769
14771
14773
14775
14777
14779
14781
14783
14785
14787
14789
14791
14793
14795
14797
14799
14801
14803
14805
14807
14809
14811
14813
14815
14817
14819
14821
14823
14825
14827
14829
14831
14833
14835
14837
14839
14841
14843
14845
14847
14849
14851
14853
14855
14857
14859
14861
14863
14865
14867
14869
14871
14873
14875
14877
14879
14881
14883
14885
14887
14889
14891
14893
14895
14897
14899
14901
14903
14905
14907
14909
14911
14913
14915
14917
14919
14921
14923
14925
14927
14929
14931
14933
14935
14937
14939
14941
14943
14945
14947
14949
14951
14953
14955
14957
14959
14961
14963
14965
14967
14969
14971
14973
14975
14977
14979
14981
14983
14985
14987
14989
14991
14993
14995
14997
14999
15001
15003
15005
15007
15009
15011
15013
15015
15017
15019
15021
15023
15025
15027
15029
15031
15033
15035
15037
15039
15041
15043
15045
15047
15049
15051
15053
15055
15057
15059
15061
15063
15065
15067
15069
15071
15073
15075
15077
15079
15081
15083
15085
15087
15089
15091
15093
15095
15097
15099
15101
15103
15105
15107
15109
15111
15113
15115
15117
15119
15121
15123
15125
15127
15129
15131
15133
15135
15137
15139
15141
15143
15145
15147
15149
15151
15153
15155
15157
15159
15161
15163
15165
15167
15169
15171
15173
15175
15177
15179
15181
15183
15185
15187
15189
15191
15193
15195
15197
15199
15201
15203
15205
15207
15209
15211
15213
15215
15217
15219
15221
15223
15225
15227
15229
15231
15233
15235
15237
15239
15241
15243
15245
15247
15249
15251
15253
15255
15257
15259
15261
15263
15265
15267
15269
15271
15273
15275
15277
15279
15281
15283
15285
15287
15289
15291
15293
15295
15297
15299
15301
15303
15305
15307
15309
15311
15313
15315
15317
15319
15321
15323
15325
15327
15329
15331
15333
15335
15337
15339
15341
15343
15345
15347
15349
15351
15353
15355
15357
15359
15361
15363
15365
15367
15369
15371
15373
15375
15377
15379
15381
15383
15385
15387
15389
15391
15393
15395
15397
15399
15401
15403
15405
15407
15409
15411
15413
15415
15417
15419
15421
15423
15425
15427
15429
15431
15433
15435
15437
15439
15441
15443
15445
15447
15449
15451
15453
15455
15457
15459
15461
15463
15465
15467
15469
15471
15473
15475
15477
15479
15481
15483
15485
15487
15489
15491
15493
15495
15497
15499
15501
15503
15505
15507
15509
15511
15513
15515
15517
15519
15521
15523
15525
15527
15529
15531
15533
15535
15537
15539
15541
15543
15545
15547
15549
15551
15553
15555
15557
15559
15561
15563
15565
15567
15569
15571
15573
15575
15577
15579
15581
15583
15585
15587
15589
15591
15593
15595
15597
15599
15601
15603
15605
15607
15609
15611
15613
15615
15617
15619
15621
15623
15625
15627
15629
15631
15633
15635
15637
15639
15641
15643
15645
15647
15649
15651
15653
15655
15657
15659
15661
15663
15665
15667
15669
15671
15673
15675
15677
15679
15681
15683
15685
15687
15689
15691
15693
15695
15697
15699
15701
15703
15705
15707
15709
15711
15713
15715
15717
15719
15721
15723
15725
15727
15729
15731
15733
15735
15737
15739
15741
15743
15745
15747
15749
15751
15753
15755
15757
15759
15761
15763
15765
15767
15769
15771
15773
15775
15777
15779
15781
15783
15785
15787
15789
15791
15793
15795
15797
15799
15801
15803
15805
15807
15809
15811
15813
15815
15817
15819
15821
15823
15825
15827
15829
15831
15833
15835
15837
15839
15841
15843
15845
15847
15849
15851
15853
15855
15857
15859
15861
15863
15865
15867
15869
15871
15873
15875
15877
15879
15881
15883
15885
15887
15889
15891
15893
15895
15897
15899
15901
15903
15905
15907
15909
15911
15913
15915
15917
15919
15921
15923
15925
15927
15929
15931
15933
15935
15937
15939
15941
15943
15945
15947
15949
15951
15953
15955
15957
15959
15961
15963
15965
15967
15969
15971
15973
15975
15977
15979
15981
15983
15985
15987
15989
15991
15993
15995
15997
15999
16001
16003
16005
16007
16009
16011
16013
16015
16017
16019
16021
16023
16025
16027
16029
16031
16033
16035
16037
16039
16041
16043
16045
16047
16049
16051
16053
16055
16057
16059
16061
16063
16065
16067
16069
16071
16073
16075
16077
16079
16081
16083
16085
16087
16089
16091
16093
16095
16097
16099
16101
16103
16105
16107
16109
16111
16113
16115
16117
16119
16121
16123
16125
16127
16129
16131
16133
16135
16137
16139
16141
16143
16145
16147
16149
16151
16153
16155
16157
16159
16161
16163
16165
16167
16169
16171
16173
16175
16177
16179
16181
16183
16185
16187
16189
16191
16193
16195
16197
16199
16201
16203
16205
16207
16209
16211
16213
16215
16217
16219
16221
16223
16225
16227
16229
16231
16233
16235
16237
16239
16241
16243
16245
16247
16249
16251
16253
16255
16257
16259
16261
16263
16265
16267
16269
16271
16273
16275
16277
16279
16281
16283
16285
16287
16289
16291
16293
16295
16297
16299
16301
16303
16305
16307
16309
16311
16313
16315
16317
16319
16321
16323
16325
16327
16329
16331
16333
16335
16337
16339
16341
16343
16345
16347
16349
16351
16353
16355
16357
16359
16361
16363
16365
16367
16369
16371
16373
16375
16377
16379
16381
16383
16385
16387
16389
16391
16393
16395
16397
16399
16401
16403
16405
16407
16409
16411
16413
16415
16417
16419
16421
16423
16425
16427
16429
16431
16433
16435
16437
16439
16441
16443
16445
16447
16449
16451
16453
16455
16457
16459
16461
16463
16465
16467
16469
16471
16473
16475
16477
16479
16481
16483
16485
16487
16489
16491
16493
16495
16497
16499
16501
16503
16505
16507
16509
16511
16513
16515
16517
16519
16521
16523
16525
16527
16529
16531
16533
16535
16537
16539
16541
16543
16545
16547
16549
16551
16553
16555
16557
16559
16561
16563
16565
16567
16569
16571
16573
16575
16577
16579
16581
16583
16585
16587
16589
16591
16593
16595
16597
16599
16601
16603
16605
16607
16609
16611
16613
16615
16617
16619
16621
16623
16625
16627
16629
16631
16633
16635
16637
16639
16641
16643
16645
16647
16649
16651
16653
16655
16657
16659
16661
16663
16665
16667
16669
16671
16673
16675
16677
16679
16681
16683
16685
16687
16689
16691
16693
16695
16697
16699
16701
16703
16705
16707
16709
16711
16713
16715
16717
16719
16721
16723
16725
16727
16729
16731
16733
16735
16737
16739
16741
16743
16745
16747
16749
16751
16753
16755
16757
16759
16761
16763
16765
16767
16769
16771
16773
16775
16777
16779
16781
16783
16785
16787
16789
16791
16793
16795
16797
16799
16801
16803
16805
16807
16809
16811
16813
16815
16817
16819
16821
16823
16825
16827
16829
16831
16833
16835
16837
16839
16841
16843
16845
16847
16849
16851
16853
16855
16857
16859
16861
16863
16865
16867
16869
16871
16873
16875
16877
16879
16881
16883
16885
16887
16889
16891
16893
16895
16897
16899
16901
16903
16905
16907
16909
16911
16913
16915
16917
16919
16921
16923
16925
16927
16929
16931
16933
16935
16937
16939
16941
16943
16945
16947
16949
16951
16953
16955
16957
16959
16961
16963
16965
16967
16969
16971
16973
16975
16977
16979
16981
16983
16985
16987
16989
16991
16993
16995
16997
16999
17001
17003
17005
17007
17009
17011
17013
17015
17017
17019
17021
17023
17025
17027
17029
17031
17033
17035
17037
17039
17041
17043
17045
17047
17049
17051
17053
17055
17057
17059
17061
17063
17065
17067
17069
17071
17073
17075
17077
17079
17081
17083
17085
17087
17089
17091
17093
17095
17097
17099
17101
17103
17105
17107
17109
17111
17113
17115
17117
17119
17121
17123
17125
17127
17129
17131
17133
17135
17137
17139
17141
17143
17145
17147
17149
17151
17153
17155
17157
17159
17161
17163
17165
17167
17169
17171
17173
17175
17177
17179
17181
17183
17185
17187
17189
17191
17193
17195
17197
17199
17201
17203
17205
17207
17209
17211
17213
17215
17217
17219
17221
17223
17225
17227
17229
17231
17233
17235
17237
17239
17241
17243
17245
17247
17249
17251
17253
17255
17257
17259
17261
17263
17265
17267
17269
17271
17273
17275
17277
17279
17281
17283
17285
17287
17289
17291
17293
17295
17297
17299
17301
17303
17305
17307
17309
17311
17313
17315
17317
17319
17321
17323
17325
17327
17329
17331
17333
17335
17337
17339
17341
17343
17345
17347
17349
17351
17353
17355
17357
17359
17361
17363
17365
17367
17369
17371
17373
17375
17377
17379
17381
17383
17385
17387
17389
17391
17393
17395
17397
17399
17401
17403
17405
17407
17409
17411
17413
17415
17417
17419
17421
17423
17425
17427
17429
17431
17433
17435
17437
17439
17441
17443
17445
17447
17449
17451
17453
17455
17457
17459
17461
17463
17465
17467
17469
17471
17473
17475
17477
17479
17481
17483
17485
17487
17489
17491
17493
17495
17497
17499
17501
17503
17505
17507
17509
17511
17513
17515
17517
17519
17521
17523
17525
17527
17529
17531
17533
17535
17537
17539
17541
17543
17545
17547
17549
17551
17553
17555
17557
17559
17561
17563
17565
17567
17569
17571
17573
17575
17577
17579
17581
17583
17585
17587
17589
17591
17593
17595
17597
17599
17601
17603
17605
17607
17609
17611
17613
17615
17617
17619
17621
17623
17625
17627
17629
17631
17633
17635
17637
17639
17641
17643
17645
17647
17649
17651
17653
17655
17657
17659
17661
17663
17665
17667
17669
17671
17673
17675
17677
17679
17681
17683
17685
17687
17689
17691
17693
17695
17697
17699
17701
17703
17705
17707
17709
17711
17713
17715
17717
17719
17721
17723
17725
17727
17729
17731
17733
17735
17737
17739
17741
17743
17745
17747
17749
17751
17753
17755
17757
17759
17761
17763
17765
17767
17769
17771
17773
17775
17777
17779
17781
17783
17785
17787
17789
17791
17793
17795
17797
17799
17801
17803
17805
17807
17809
17811
17813
17815
17817
17819
17821
17823
17825
17827
17829
17831
17833
17835
17837
17839
17841
17843
17845
17847
17849
17851
17853
17855
17857
17859
17861
17863
17865
17867
17869
17871
17873
17875
17877
17879
17881
17883
17885
17887
17889
17891
17893
17895
17897
17899
17901
17903
17905
17907
17909
17911
17913
17915
17917
17919
17921
17923
17925
17927
17929
17931
17933
17935
17937
17939
17941
17943
17945
17947
17949
17951
17953
17955
17957
17959
17961
17963
17965
17967
17969
17971
17973
17975
17977
17979
17981
17983
17985
17987
17989
17991
17993
17995
17997
17999
18001
18003
18005
18007
18009
18011
18013
18015
18017
18019
18021
18023
18025
18027
18029
18031
18033
18035
18037
18039
18041
18043
18045
18047
18049
18051
18053
18055
18057
18059
18061
18063
18065
18067
18069
18071
18073
18075
18077
18079
18081
18083
18085
18087
18089
18091
18093
18095
18097
18099
18101
18103
18105
18107
18109
18111
18113
18115
18117
18119
18121
18123
18125
18127
18129
18131
18133
18135
18137
18139
18141
18143
18145
18147
18149
18151
18153
18155
18157
18159
18161
18163
18165
18167
18169
18171
18173
18175
18177
18179
18181
18183
18185
18187
18189
18191
18193
18195
18197
18199
18201
18203
18205
18207
18209
18211
18213
18215
18217
18219
18221
18223
18225
18227
18229
18231
18233
18235
18237
18239
18241
18243
18245
18247
18249
18251
18253
18255
18257
18259
18261
18263
18265
18267
18269
18271
18273
18275
18277
18279
18281
18283
18285
20053
20055
20057
20059
20061
20063
20065
20067
20069
20071
20073
20075
20077
20079
20081
20083
20085
20087
20089
20091
20093
20095
20097
20099
20101
20103
20105
20107
20109
20111
20113
20115
20117
20119
20121
20123
20125
20127
20129
20131
20133
20135
20137
20139
20141
20143
20145
20147
20149
20151
20153
20155
20157
20159
20161
20163
20165
20167
20169
20171
20173
20175
20177
20179
20181
20183
20185
20187
20189
20191
20193
20195
20197
20199
20201
20203
20205
20207
20209
20211
20213
20215
20217
20219
20221
20223
20225
20227
20229
20231
20233
20235
20237
20239
20241
20243
20245
20247
20249
20251
20253
20255
20257
20259
20261
20263
20265
20267
20269
20271
20273
20275
20277
20279
20281
20283
20285
20287
20289
20291
20293
20295
20297
20299
20301
20303
20305
20307
20309
20311
20313
20315
20317
20319
20321
20323
20325
20327
20329
20331
20333
20335
20337
20339
20341
20343
20345
20347
20349
20351
20353
20355
20357
20359
20361
20363
20365
20367
20369
20371
20373
20375
20377
20379
20381
20383
20385
26735
26736
26737
26738
26739
26740
26741
26742
26743
26744
26745
26746
26747
26748
26749
26750
26751
26752
26753
26754
26755
26756
26757
26758
26759
26760
26761
26762
26763
26764
26765
26766
26767
26769
26770
26771
26772
26773
26774
26775
26776
26777
26778
26779
26780
26781
26782
26783
26784
26785
26786
26787
26788
26789
26790
26791
26792
26793
26794
26795
26797
26798
26799
26800
26801
26802
26803
26804
26805
26806
26807
26808
26809
26810
26811
26812
26813
26814
26815
26816
26817
26818
26819
26820
26821
26822
26823
26824
26825
26826
26827
26828
26829
26830
26831
26832
26833
26834
26835
26836
26837
26838
26839
26840
26841
26842
26843
26844
26845
26846
26847
26848
26849
26850
26851
26852
26853
26854
26855
26856
26857
26858
26859
26860
26861
26862
26882
26883
26885
26887
26889
26891
26892
26893
26894
26895
26896
26897
26898
26899
26900
26901
26913
26914
26915
26917
26918
26919
26921
26923
26925
26927
26929
26931
26933
26935
26937
26939
26941
26943
26945
26947
26949
26951
26953
26955
26957
26959
26961
26963
26965
26967
26969
26971
26973
26975
26977
26979
26981
26983
26985
26987
26989
26991
26993
26995
26997
26999
27001
27003
27005
27007
27009
27011
27013
27015
27017
27019
27021
27023
27025
27027
27029
27031
27033
27035
27037
27039
27507
27509
61455
61456
61457
61458
61459
61460
61461
61462
61463
61464
61465
61466
61467
61468
61469
61470
61471
61472
61473
61474
61475
61476
61477
61478
61479
61480
61481
61482
61483
61484
61485
61486
61487
61488
61489
61490
61491
61492
61493
61494
61495
61496
61497
61498
61499
61500
61501
61502
61503
61504
61505
61506
61507
61508
61509
61510
61511
61512
61513
61514
61515
61516
61517
61518
61519
61520
61521
61522
61523
61524
61525
61526
61527
61528
61529
61530
61531
61532
61533
61534
61535
61536
61537
61538
61539
61540
61541
61542
61543
61544
61545
61546
61547
61548
61549
61550
61551
61552
61553
61554
61555
61556
61557
61558
61559
61560
61561
61562
61563
61564
61565
61566
61567
61568
61569
61570
61571
61572
61573
61574
61575
61576
61577
61578
61579
61580
61581
61582
61583
61584
61585
61586
61587
61588
61589
61590
61591
61592
61593
61594
61595
61596
61597
61598
61599
61600
61601
61602
61603
61604
61605
61606
61607
61608
61609
61610
61611
61612
61613
61614
61615
61616
61617
61618
61619
61620
61621
61622
61623
61624
61625
61626
61627
61628
61629
61630
61631
61632
61633
61634
61635
61636
61637
61638
61639
61640
61641
61642
61643
61644
61645
61646
61647
61648
61649
61650
61651
61652
61653
61654
61655
61656
61657
61658
61659
61660
61661
61662
61663
61664
61665
61666
61667
61668
61669
61670
61671
61672
61673
61674
61675
61676
61677
61678
61679
61680
61681
61682
61683
61684
61685
61686
61687
61688
61689
61690
61691
61692
61693
61694
61695
61697
61699
61701
61703
61705
61707
61709
61711
61713
61715
61717
61719
61721
61723
61725
61727
61729
61731
61733
61735
61737
61739
61741
61743
61745
61747
61749
61751
61753
61755
61757
61759
61761
61763
61765
61767
61769
61771
61773
61775
61777
61779
61781
61783
61785
61787
61789
61791
61793
61795
61797
61799
61801
61803
61805
61807
61809
61811
61813
61815
61817
61819
61821
61823
61825
61827
61829
61831
61833
61835
61837
61839
61841
61843
61845
61846
61847
61848
61849
61850
61851
61852
61853
61854
61855
61856
61857
61858
61859
61860
61861
61862
61863
61864
61865
61866
61867
61868
61869
61870
61871
61872
61873
61874
61875
61876
61877
61878
61879
61880
61881
61882
61883
61884
61885
61886
61887
61888
61889
61890
61891
61892
61893
61894
61895
61896
61897
61898
61899
61900
61901
61902
61903
61904
61905
61906
61907
61908
61909
61910
61911
61912
61913
61914
61915
61916
61917
61918
61919
61920
61921
61922
61923
61924
61925
61926
61927
61928
61929
61930
61931
61932
61933
61934
61935
61936
61937
61938
61939
61940
61941
61942
61943
61944
61945
61946
61947
61948
61949
61950
61951
61952
61953
61954
61955
61956
61957
61958
61959
61960
61961
61962
61963
61964
61965
61966
61967
61968
61969
61970
61971
61972
61973
61974
61975
61976
61977
61978
61979
61980
61981
61982
61983
61984
61985
61986
61987
61988
61989
61990
61991
61992
61993
61994
61995
61996
61997
61998
61999
62000
62001
62002
62003
62004
62005
62006
62007
62008
62009
62010
62011
62012
62013
62014
62015
62016
62017
62018
62019
62020
62021
62022
62023
62024
62025
62026
62027
62028
62029
62030
62031
62032
62033
62034
62035
62036
62037
62038
62039
62040
62041
62042
62043
62044
62045
62046
62047
62048
62049
62050
62051
62052
62053
62054
62055
62056
62057
62058
62059
62060
62061
62063
62065
62067
62069
62071
62073
62075
62077
62079
62081
62083
62085
62087
62089
62091
62093
62095
62097
62099
62101
62103
62105
62107
62109
62111
62113
62115
62117
62119
62121
62123
62125
62127
62129
62131
62133
62135
62137
62139
62141
62143
62145
62147
62149
62151
62153
62155
62157
62159
62161
62163
62165
62167
62169
62171
62173
62175
62177
62179
62181
62183
62185
62187
62189
62191
62193
62195
62197
62199
62201
62203
62205
62207
62209
62211
62213
62215
62217
62219
62221
62223
62225
62227
62229
62231
62233
62235
62237
62239
62241
62243
62245
62247
62249
62251
62253
62255
62257
62259
62261
62263
62265
62267
62269
62271
62273
62275
62277
62279
62281
62283
62285
62287
62289
62291
62293
62295
62297
62299
62301
62303
62305
62307
62309
62311
62313
62315
62317
62319
62321
62323
62325
62327
62329
62331
62333
62335
62337
62339
62341
62343
62345
62347
62349
62351
62353
62355
62357
62359
62361
62363
62365
62367
62369
62371
62373
62375
62377
62379
62381
62383
62385
62387
62389
62391
62393
62395
62397
62399
62401
62403
62405
62407
62409
62411
62413
62415
62417
62419
62421
62423
62425
62427
62429
62431
62433
62435
62437
62439
62441
62443
62445
62447
62449
62451
62453
62455
62457
62459
62461
62463
62465
62467
62469
62471
62473
62475
62477
62479
62481
62483
62485
62487
62489
62491
62493
62495
62497
62499
62501
62503
62505
62507
62509
62511
62513
62515
62517
62519
62521
62523
62525
62527
62529
62531
62533
62535
62537
62539
62541
62543
62545
62547
62549
62551
62553
62555
62557
62559
62561
62563
62565
62567
62569
62571
62573
62575
62577
62579
62581
62583
62585
62587
62589
62591
62593
62595
62597
62599
62601
62603
62605
62607
62609
62611
62613
62615
62617
62619
62621
62623
62625
62627
62629
62631
62633
62635
62637
62639
62641
62643
62645
62647
62649
62651
62653
62655
62657
62659
62661
62663
62665
62667
62669
62671
62673
62675
62677
62679
62681
62683
62685
62687
62689
62691
62693
62695
62697
62699
62701
62703
62705
62707
62709
62711
62713
62715
62717
62719
62721
62723
62725
62727
62729
62731
62733
62735
62737
62739
62741
62743
62745
62747
62749
62751
62753
62755
62757
62759
62761
62763
62765
62767
62769
62771
62773
62775
62777
62779
62781
62783
62785
62787
62789
62791
62793
62795
62797
62799
62801
62803
62805
62807
62809
62811
62813
62815
62817
62819
62821
62823
62825
62827
62829
62831
62833
62835
62837
62839
62841
62843
62845
62847
62849
62851
62853
62855
62857
62859
62861
62863
62865
62867
62869
62871
62873
62875
62877
62879
62881
62883
62885
62887
62889
62891
62893
62895
62897
62899
62901
62903
62905
62907
62909
62911
62913
62915
62917
62919
62921
62923
62925
62927
62929
62931
62933
62935
62937
62939
62941
62943
62945
62947
62949
62951
62953
62955
62957
62959
62961
62963
62965
62967
62969
62971
62973
62975
62977
62979
62981
62983
62985
62987
62989
62991
62993
62995
62997
62999
63001
63003
63005
63007
63009
63011
63013
63015
63017
63019
63021
63023
63025
63027
63029
63031
63033
63035
63037
63039
63041
63043
63045
63047
63049
63051
63053
63055
63057
63059
63061
63063
63065
63067
63069
63071
63073
63075
63077
63079
63081
63083
63085
63087
63089
63091
63093
63095
63097
63099
63101
63103
63105
63107
63109
63111
63113
63115
63117
63119
63121
63123
63125
63127
63129
63131
63133
63135
63137
63139
63141
63143
63145
63147
63149
63151
63153
63155
63157
63159
63161
63163
63165
63167
63169
63171
63173
63175
63177
63179
63181
63183
63185
63187
63189
63191
63193
63195
63197
63199
63201
63203
63205
63207
63209
63211
63213
63215
63217
63219
63221
63223
63225
63227
63229
63231
63233
63235
63237
63239
63241
63243
63245
63247
63249
63251
63253
63255
63257
63259
63261
63263
63265
63267
63269
63271
63273
63275
63277
63279
63281
63283
63285
63287
63289
63291
63293
63295
63297
63299
63301
63303
63305
63307
63309
63311
63313
63315
63317
63319
63321
63323
63325
63327
63329
63331
63333
63335
63337
63339
63341
63343
63345
63347
63349
63351
63353
63355
63357
63359
63361
63363
63365
63367
63369
63371
63373
63375
63377
63379
63381
63383
63385
63387
63389
63391
63393
63395
63397
63399
63401
63403
63405
63407
63409
63411
63413
63415
63417
63419
63421
63423
63425
63427
63429
63431
63433
63435
63437
63439
63441
63443
63445
63447
63449
63451
63453
63455
63457
63459
63461
63463
63465
63467
63469
63471
63473
63475
63477
63479
63481
63483
63485
63487
63489
63491
63493
63495
63497
63499
63501
63503
63505
63507
63509
63511
63513
63515
63517
63519
63521
63523
63525
63527
63529
63531
63533
63535
63537
63539
63541
63543
63545
63547
63549
63551
63553
63555
63557
63559
63561
63563
63565
63567
63569
63571
63573
63575
63577
63579
63581
63583
63585
63587
63589
63591
63593
63595
63597
63599
63601
63603
63605
63607
63609
63611
63613
63615
63617
63619
63621
63623
63625
63627
63629
63631
63633
63635
63637
63639
63641
63643
63645
63647
63649
63651
63653
63655
63657
63659
63661
63663
63665
63667
63669
63671
63673
63675
63677
63679
63681
63683
63685
63687
63689
63691
63693
63695
63697
63699
63701
63703
63705
63707
63709
63711
63713
63715
63717
63719
63721
63723
63725
63727
63729
63731
63733
63735
63737
63739
63741
63743
63745
63747
63749
63751
63753
63755
63757
63759
63761
63763
63765
63767
63769
63771
63773
63775
63777
63779
63781
63783
63785
63787
63789
63791
63793
63795
63797
63799
63801
63803
63805
63807
63809
63811
63813
63815
63817
63819
63821
63823
63825
63827
63829
63831
63833
63835
63837
63839
63841
63843
63845
63847
63849
63851
63853
63855
63857
63859
63861
63863
63865
63867
63869
63871
63873
63875
63877
63879
63881
63883
63885
63887
63889
63891
63893
63895
63897
63899
63901
63903
63905
63907
63909
63911
63913
63915
63917
63919
63921
63923
63925
63927
63929
63931
63933
63935
63937
63939
63941
63943
63945
63947
63949
63951
63953
63955
63957
63959
63961
63963
63965
63967
63969
63971
63973
63975
63977
63979
63981
63983
63985
63987
63989
63991
63993
63995
63997
63999
64001
64003
64005
64007
64009
64011
64013
64015
64017
64019
64021
64023
64025
64027
64029
64031
64033
64035
64037
64039
64041
64043
64045
64047
64049
64051
64053
64055
64057
64059
64061
64063
64065
64067
64069
64071
64073
64075
64077
64079
64081
64083
64085
64087
64089
64091
64093
64095
64097
64099
64101
64103
64105
64107
64109
64111
64113
64115
64117
64119
64121
64123
64125
64127
64129
64131
64133
64135
64137
64139
64141
64143
64145
64147
64149
64151
64153
64155
64157
64159
64161
64163
64165
64167
64169
64171
64173
64175
64177
64179
64181
64183
64185
64187
64189
64191
64193
64195
64197
64199
64201
64203
64205
64207
64209
64211
64213
64215
64217
64219
64221
64223
64225
64227
64229
64231
64233
64235
64237
64239
64241
64243
64245
64247
64249
64251
64253
64255
64257
64259
64261
64263
64265
64267
64269
64271
64273
64275
64277
64279
64281
64283
64285
64287
64289
64291
64293
64295
64297
64299
64301
64303
64305
64307
64309
64311
64313
64315
64317
64319
64321
64323
64325
64327
64329
64331
64333
64335
64337
64339
64341
64343
64345
64347
64349
64351
64353
64355
64357
64359
64361
64363
64365
64367
64369
64371
64373
64375
64377
64379
64381
64383
64385
64387
64389
64391
64393
64395
64397
64399
64401
64403
64405
64407
64409
64411
64413
64415
64417
64419
64421
64423
64425
64427
64429
64431
64433
64435
64437
64439
64441
64443
64445
64447
64449
64451
64453
64455
64457
64459
64461
64463
64465
64467
64469
64471
64473
64475
64477
64479
64481
64483
64485
64487
64489
64491
64493
64495
64497
64499
64501
64503
64505
64507
64509
64511
64513
64515
64517
64519
64521
64523
64525
64527
64529
64531
64533
64535
64537
64539
64541
64543
64545
64547
64549
64551
64553
64555
64557
64559
64561
64563
64565
64567
64569
64571
64573
64575
64577
64579
64581
64583
64585
64587
64589
64591
64593
64595
64597
64599
64601
64603
64605
64607
64609
64611
64613
64615
64617
64619
64621
64623
64625
64627
64629
64631
64633
64635
64637
64639
64641
64643
64645
64647
64649
64651
64653
64655
64657
64659
64661
64663
64665
64667
64669
64671
64673
64675
64677
64679
64681
64683
64685
64687
64689
64691
64693
64695
64697
64699
64701
64703
64705
64707
64709
64711
64713
64715
64717
64719
64721
64723
64725
64727
64729
64731
64733
64735
64737
64739
64741
64743
64745
64747
64749
64751
64753
64755
64757
64759
64761
64763
64765
64767
64769
64771
64773
64775
64777
64779
64781
64783
64785
64787
64789
64791
64793
64795
64797
64799
64801
64803
64805
64807
64809
64811
64813
64815
64817
64819
64821
64823
64825
64827
64829
64831
64833
64835
64837
64839
64841
64843
64845
64847
64849
64851
64853
64855
64857
64859
64861
64863
64865
64867
64869
64871
64873
64875
64877
64879
64881
64883
64885
64887
64889
64891
64893
64895
64897
64899
64901
64903
64905
64907
64909
64911
64913
64915
64917
64919
64921
64923
64925
64927
64929
64931
64933
64935
64937
64939
64941
64943
64945
64947
64949
64951
64953
64955
64957
64959
64961
64963
64965
64967
64969
64971
64973
64975
64977
64979
64981
64983
64985
64987
64989
64991
64993
64995
64997
64999
65001
65003
65005
65007
65009
65011
65013
65015
65017
65019
65021
65023
65025
65027
65029
65031
65033
65035
65037
65039
65041
65043
65045
65047
65049
65051
65053
65055
65057
65059
65061
65063
65065
65067
65069
65071
65073
65075
65077
65079
65081
65083
65085
65087
65089
65091
65093
65095
65097
65099
65101
65103
65105
65107
65109
65111
65113
65115
65117
65119
65121
65123
65125
65127
65129
65131
65133
65135
65137
65139
65141
65143
65145
65147
65149
65151
65153
65155
65157
65159
65161
65163
65165
65167
65169
65171
65173
65175
65177
65179
65181
65183
65185
65187
65189
65191
65193
65195
65197
65199
65201
65203
65205
65207
65209
65211
65213
65215
65217
65219
65221
65223
65225
65227
65229
65231
65233
65235
65237
65239
65241
65243
65245
65247
65249
65251
65253
65255
65257
65259
65261
65263
65265
65267
65269
65271
65273
65275
65277
65279
65281
65283
65285
65287
65289
65291
65293
65295
65297
65299
65301
65303
65305
65307
65309
65311
65313
65315
65317
65319
65321
65323
65325
65327
65329
65331
65333
65335
65337
65339
65341
65343
65345
65347
65349
65351
65353
65355
65357
65359
65361
65363
65365
65367
65369
65371
65373
65375
65377
65379
65381
65383
65385
65387
65389
65391
65393
65395
65397
65399
65401
65403
65405
65407
65409
65411
65413
65415
65417
65419
65421
65423
65425
65427
65429
65431
65433
65435
65437
65439
65441
65443
65445
65447
65449
65451
65453
65455
65457
65459
65461
65463
65465
65467
65469
65471
65473
65475
65477
65479
65481
65483
65485
65487
65489
65491
65493
65495
65497
65499
65501
65503
65505
65507
65509
65511
65513
65515
65517
65519
65521
65523
65525
65527
65529
65531
65533
65535
65537
65539
65541
65543
65545
65547
65549
65551
65553
65555
65557
65559
65561
65563
65565
65567
65569
65571
65573
65575
65577
65579
65581
65583
65585
65587
65589
65591
65593
65595
65597
65599
65601
65603
65605
65607
65609
65611
65613
65615
65617
65619
65621
65623
65625
65627
65629
65631
65633
65635
65637
65639
65641
65643
65645
65647
65649
65651
65653
65655
65657
65659
65661
65663
65665
65667
65669
65671
65673
65675
65677
65679
65681
65683
65685
65687
65689
65691
65693
65695
65697
65699
65701
65703
65705
65707
65709
65711
65713
65715
65717
65719
65721
65723
65725
65727
65729
65731
65733
65735
65737
65739
65741
65743
65745
65747
65749
65751
65753
65755
65757
65759
65761
65763
65765
65767
65769
65771
65773
65775
65777
65779
65781
65783
65785
65787
65789
65791
65793
65795
65797
65799
65801
65803
65805
65807
65809
65811
65813
65815
65817
65819
65821
65823
65825
65827
65829
65831
65833
65835
65837
65839
65841
65843
65845
65847
65849
65851
65853
65855
65857
65859
65861
65863
65865
65867
65869
65871
65873
65875
65877
65879
65881
65883
65885
65887
65889
65891
65893
65895
65897
65899
65901
65903
65905
65907
65909
65911
65913
65915
65917
65919
65921
65923
65925
65927
65929
65931
65933
65935
65937
65939
65941
65943
65945
65947
65949
65951
65953
65955
65957
65959
65961
65963
65965
65967
65969
65971
65973
65975
65977
65979
65981
65983
65985
65987
65989
65991
65993
65995
65997
65999
66001
66003
66005
66007
66009
66011
66013
66015
66017
66019
66021
66023
66025
66027
66029
66031
66033
66035
66037
66039
66041
66043
66045
66047
66049
66051
66053
66055
66057
66059
66061
66063
66065
66067
66069
66071
66073
66075
66077
66079
66081
66083
66085
66087
66089
66091
66093
66095
66097
66099
66101
66103
66105
66107
66109
66111
66113
66115
66117
66119
66121
66123
66125
66127
66129
66131
66133
66135
66137
66139
66141
66143
66145
66147
66149
66151
66153
66155
66157
66159
66161
66163
66165
66167
66169
66171
66173
66175
66177
66179
66181
66183
66185
66187
66189
66191
66193
66195
66197
66199
66201
66203
66205
66207
66209
66211
66213
66215
66217
66219
66221
66223
66225
66227
66229
66231
66233
66235
66237
66239
66241
66243
66245
66247
66249
66251
66253
66255
66257
66259
66261
66263
66265
66267
66269
66271
66273
66275
66277
66279
66281
66283
66285
66287
66289
66291
66293
66295
66297
66299
66301
66303
66305
66307
66309
66311
66313
66315
66317
66319
66321
66323
66325
66327
66329
66331
66333
66335
66337
66339
66341
66343
66345
66347
66349
66351
66353
66355
66357
66359
66361
66363
66365
66367
66369
66371
66373
66375
66377
66379
66381
66383
66385
66387
66389
66391
66393
66395
66397
66399
66401
66403
66405
66407
66409
66411
66413
66415
66417
66419
66421
66423
66425
66427
66429
66431
66433
66435
66437
66439
66441
66443
66445
66447
66449
66451
66453
66455
66457
66459
66461
66463
66465
66467
66469
66471
66473
66475
66477
66479
66481
66483
66485
66487
66489
66491
66493
66495
66497
66499
66501
66503
66505
66507
66509
66511
66513
66515
66517
66519
66521
66523
66525
66527
66529
66531
66533
66535
66537
66539
66541
66543
66545
66547
66549
66551
66553
66555
66557
66559
66561
66563
66565
66567
66569
66571
66573
66575
66577
66579
66581
66583
66585
66587
66589
66591
66593
66595
66597
66599
66601
66603
66605
66607
66609
66611
66613
66615
66617
66619
66621
66623
66625
66627
66629
66631
66633
66635
66637
66639
66641
66643
66645
66647
66649
66651
66653
66655
66657
66659
66661
66663
66665
66667
66669
66671
66673
66675
66677
66679
66681
66683
66685
66687
66689
66691
66693
66695
66697
66699
66701
66703
66705
66707
66709
66711
66713
66715
66717
66719
66721
66723
66725
66727
66729
66731
66733
66735
66737
66739
66741
66743
66745
66747
66749
66751
66753
66755
66757
66759
66761
66763
66765
66767
66769
66771
66773
66775
66777
66779
66781
66783
66785
66787
66789
66791
66793
66795
66797
66799
66801
66803
66805
66807
66809
66811
66813
66815
66817
66819
66821
66823
66825
66827
66829
66831
66833
66835
66837
66839
66841
66843
66845
66847
66849
66851
66853
66855
66857
66859
66861
66863
66865
66867
66869
66871
66873
66875
66877
66879
66881
66883
66885
66887
66889
66891
66893
66895
66897
66899
66901
66903
66905
66907
66909
66911
66913
66915
66917
66919
66921
66923
66925
66927
66929
66931
66933
66935
66937
66939
66941
66943
66945
66947
66949
66951
66953
66955
66957
66959
66961
66963
66965
66967
66969
66971
66973
66975
66977
66979
66981
66983
66985
66987
66989
66991
66993
66995
66997
66999
67001
67003
67005
67007
67009
67011
67013
67015
67017
67019
67021
67023
67025
67027
67029
67031
67033
67035
67037
67039
67041
67043
67045
67047
67049
67051
67053
67055
67057
67059
67061
67063
67065
67067
67069
67071
67073
67075
67077
67079
67081
67083
67085
67087
67089
67091
67093
67095
67097
67099
67101
67103
67105
67107
67109
67111
67113
67115
67117
67119
67121
67123
67125
67127
67129
67131
67133
67135
67137
67139
67141
67143
67145
67147
67149
67151
67153
67155
67157
67159
67161
67163
67165
67167
67169
67171
67173
67175
67177
67179
67181
67183
67185
67187
67189
67191
67193
67195
67197
67199
67201
67203
67205
67207
67209
67211
67213
67215
67217
67219
67221
67223
67225
67227
67229
67231
67233
67235
67237
67239
67241
67243
67245
67247
67249
67251
67253
67255
67257
67259
67261
67263
67265
67267
67269
67271
67273
67275
67277
67279
67281
67283
67285
67287
67289
67291
67293
67295
67297
67299
67301
67303
67305
67307
67309
67311
67313
67315
67317
67319
67321
67323
67325
67327
67329
67331
67333
67335
67337
67339
67341
67343
67345
67347
67349
67351
67353
67355
67357
67359
67361
67363
67365
67367
67369
67371
67373
67375
67377
67379
67381
67383
67385
67387
67389
67391
67393
67395
67397
67399
67401
67403
67405
67407
67409
67411
67413
67415
67417
67419
67421
67423
67425
67427
67429
67431
67433
67435
67437
67439
67441
67443
67445
67447
67449
67451
67453
67455
67457
67459
67461
67463
67465
67467
67469
67471
67473
67475
67477
67479
67481
67483
67485
67487
67489
67491
67493
67495
67497
67499
67501
67503
67505
67507
67509
67511
67513
67515
67517
67519
67521
67523
67525
67527
67529
67531
67533
67535
67537
67539
67541
67543
67545
67547
67549
67551
67553
67555
67557
67559
67561
67563
67565
67567
67569
67571
67573
67575
67577
67579
67581
67583
67585
67587
67589
67591
67593
67595
67597
67599
67601
67603
67605
67607
67609
67611
67613
67615
67617
67619
67621
67623
67625
67627
67629
67631
67633
67635
67637
67639
67641
67643
67645
67647
67649
67651
67653
67655
67657
67659
67661
67663
67665
67667
67669
67671
67673
67675
67677
67679
67681
67683
67685
67687
67689
67691
67693
67695
67697
67699
67701
67703
67705
67707
67709
67711
67713
67715
67717
67719
67721
67723
67725
67727
67729
67731
67733
67735
67737
67739
67741
67743
67745
67747
67749
67751
67753
67755
67757
67759
67761
67763
67765
67767
67769
67771
67773
67775
67777
67779
67781
67783
67785
67787
67789
67791
67793
67795
67797
67799
67801
67803
67805
67807
67809
67811
67813
67815
67817
67819
67821
67823
67825
67827
67829
67831
67833
67835
67837
67839
67841
67843
67845
67847
67849
67851
67853
67855
67857
67859
67861
67863
67865
67867
67869
67871
67873
67875
67877
67879
67881
67883
67885
67887
67889
67891
67893
67895
67897
67899
67901
67903
67905
67907
67909
67911
67913
67915
67917
67919
67921
67923
67925
67927
67929
67931
67933
67935
67937
67939
67941
67943
67945
67947
67949
67951
67953
67955
67957
67959
67961
67963
67965
67967
67969
67971
67973
67975
67977
67979
67981
67983
67985
67987
67989
67991
67993
67995
67997
67999
68001
68003
68005
68007
68009
68011
68013
68015
68017
68019
68021
68023
68025
68027
68029
68031
68033
68035
68037
68039
68041
68043
68045
68047
68049
68051
68053
68055
68057
68059
68061
68063
68065
68067
68069
68071
68073
68075
68077
68079
68081
68083
68085
68087
68089
68091
68093
68095
68097
68099
68101
68103
68105
68107
68109
68111
68113
68115
68117
68119
68121
68123
68125
68127
68129
68131
68133
68135
68137
68139
68141
68143
68145
68147
68149
68151
68153
68155
68157
68159
68161
68163
68165
68167
68169
68171
68173
68175
68177
68179
68181
68183
68185
68187
68189
68191
68193
68195
68197
68199
68201
68203
68205
68207
68209
68211
68213
68215
68217
68219
68221
68223
68225
68227
68229
68231
68233
68235
68237
68239
68241
68243
68245
68247
68249
68251
68253
68255
68257
68259
68261
68263
68265
68267
68269
68271
68273
68275
68277
68279
68281
68283
68285
68287
68289
68291
68293
68295
68297
68299
68301
68303
68305
68307
68309
68311
68313
68315
68317
68319
68321
68323
68325
68327
68329
68331
68333
68335
68337
68339
68341
68343
68345
68347
68349
68351
68353
68355
68357
68359
68361
68363
68365
68367
68369
68371
68373
68375
68377
68379
68381
68383
68385
68387
68389
68391
68393
68395
68397
68399
68401
68403
68405
68407
68409
68411
68413
68415
68417
68419
68421
68423
68425
68427
68429
68431
68433
68435
68437
68439
68441
68443
68445
68447
68449
68451
68453
68455
68457
68459
68461
68463
68465
68467
68469
68471
68473
68475
68477
68479
68481
68483
68485
68487
68489
68491
68493
68495
68497
68499
68501
68503
68505
68507
68509
68511
68513
68515
68517
68519
68521
68523
68525
68527
68529
68531
68533
68535
68537
68539
68541
68543
68545
68547
68549
68551
68553
68555
68557
68559
68561
68563
68565
68567
68569
68571
68573
68575
68577
68579
68581
68583
68585
68587
68589
68591
68593
68595
68597
68599
68601
68603
68605
68607
68609
68611
68613
68615
68617
68619
68621
68623
68625
68627
68629
68631
68633
68635
68637
68639
68641
68643
68645
68647
68649
68651
68653
68655
68657
68659
68661
68663
68665
68667
68669
68671
68673
68675
68677
68679
68681
68683
68685
68687
68689
68691
68693
68695
68697
68699
68701
68703
68705
68707
68709
68711
68713
68715
68717
68719
68721
68723
68725
68727
68729
68731
68733
68735
68737
68739
68741
68743
68745
68747
68749
68751
68753
68755
68757
68759
68761
68763
68765
68767
68769
68771
68773
68775
68777
68779
68781
68783
68785
68787
68789
68791
68793
68795
68797
68799
68801
68803
68805
68807
68809
68811
68813
68815
68817
68819
68821
68823
68825
68827
68829
68831
68833
68835
68837
68839
68841
68843
68845
68847
68849
68851
68853
68855
68857
68859
68861
68863
68865
68867
68869
68871
68873
68875
68877
68879
68881
68883
68885
68887
68889
68891
68893
68895
68897
68899
68901
68903
68905
68907
68909
68911
68913
68915
68917
68919
68921
68923
68925
68927
68929
68931
68933
68935
68937
68939
68941
68943
68945
68947
68949
68951
68953
68955
68957
68959
68961
68963
68965
68967
68969
68971
68973
68975
68977
68979
68981
68983
68985
68987
68989
68991
68993
68995
68997
68999
69001
69003
69005
69007
69009
69011
69013
69015
69017
69019
69021
69023
69025
69027
69029
69031
69033
69035
69037
69039
69041
69043
69045
69047
69049
69051
69053
69055
69057
69059
69061
69063
69065
69067
69069
69071
69073
69075
69077
69079
69081
69083
69085
69087
69089
69091
69093
69095
69097
69099
69101
69103
69105
69107
69109
69111
69113
69115
69117
69119
69121
69123
69125
69127
69129
69131
69133
69135
69137
69139
69141
69143
69145
69147
69149
69151
69153
69155
69157
69159
69161
69163
69165
69167
69169
69171
69173
69175
69177
69179
69181
69183
69185
69187
69189
69191
69193
69195
69197
69199
69201
69203
69205
69207
69209
69211
69213
69215
69217
69219
69221
69223
69225
69227
69229
69231
69233
69235
69237
69239
69241
69243
69245
69247
69249
69251
69253
69255
69257
69259
69261
69263
69265
69267
69269
69271
69273
69275
69277
69279
69281
69283
69285
69287
69289
69291
69293
69295
69297
69299
69301
69303
69305
69307
69309
69311
69313
69315
69317
69319
69321
69323
69325
69327
69329
69331
69333
69335
69337
69339
69341
69343
69345
69347
69349
69351
69353
69355
69357
69359
69361
69363
69365
69367
69369
69371
69373
69375
69377
69379
69381
69383
69385
69387
69389
69391
69393
69395
69397
69399
69401
69403
69405
69407
69409
69411
69413
69415
69417
69419
69421
69423
69425
69427
69429
69431
69433
69435
69437
69439
69441
69443
69445
69447
69449
69451
69453
69455
69457
69459
69461
69463
69465
69467
69469
69471
69473
69475
69477
69479
69481
69483
69485
69487
69489
69491
69493
69495
69497
69499
69501
69503
69505
69507
69509
69511
69513
69515
69517
69519
69521
69523
69525
69527
69529
69531
69533
69535
69537
69539
69541
69543
69545
69547
69549
69551
69553
69555
69557
69559
69561
69563
69565
69567
69569
69571
69573
69575
69577
69579
69581
69583
69585
69587
69589
69591
69593
69595
69597
69599
69601
69603
69605
69607
69609
69611
69613
69615
69617
69619
69621
69623
69625
69627
69629
69631
69633
69635
69637
69639
69641
69643
69645
69647
69649
69651
69653
69655
69657
69659
69661
69663
69665
69667
69669
69671
69673
69675
69677
69679
69681
69683
69685
69687
69689
69691
69693
69695
69697
69699
69701
69703
69705
69707
69709
69711
69713
69715
69717
69719
69721
69723
69725
69727
69729
69731
69733
69735
69737
69739
69741
69743
69745
69747
69749
69751
69753
69755
69757
69759
69761
69763
69765
69767
69769
69771
69773
69775
69777
69779
69781
69783
69785
69787
69789
69791
69793
69795
69797
69799
69801
69803
69805
69807
69809
69811
69813
69815
69817
69819
69821
69823
69825
69827
69829
69831
69833
69835
69837
69839
69841
69843
69845
69847
69849
69851
69853
69855
69857
69859
69861
69863
69865
69867
69869
69871
69873
69875
69877
69879
69881
69883
69885
69887
69889
69891
69893
69895
69897
69899
69901
69903
69905
69907
69909
69911
69913
69915
69917
69919
69921
69923
69925
69927
69929
69931
69933
69935
69937
69939
69941
69943
71883
75697
75699
75701
75703
75705
75707
75709
75711
75713
75715
75717
75719
75721
75723
75725
75727
75729
75731
75733
75735
75737
75739
75741
75743
75745
75747
75749
75751
75753
75755
75757
75759
75761
75763
75765
75767
75769
75771
75773
75775
75777
75779
75781
75783
75785
75787
