10001
10003
10005
10007
10009
10011
10013
10015
10017
10019
10021
10023
10025
10027
10029
10031
10033
10035
10037
10039
10041
10043
10045
10047
10049
10051
10053
10055
10057
10059
10061
10063
10065
10067
10069
10071
10073
10075
10077
10079
10081
10083
10085
10087
10089
10091
10093
10095
10097
10099
10101
10103
10105
10107
10109
10111
10113
10115
10117
10119
10121
10123
10125
10127
10129
10131
10133
10135
10137
10139
10141
10143
10145
10147
10149
10151
10153
10155
10157
10159
10161
10163
10165
10167
10169
10171
10173
10175
10177
10179
10181
10183
10185
10187
10189
10191
10193
10195
10197
10199
10201
10203
10205
10207
10209
10211
10213
10215
10217
10219
10221
10223
10225
10227
10229
10231
10233
10235
10237
10239
10241
10243
10245
10247
10249
10251
10253
10255
10257
10259
10261
10263
10265
10267
10269
10271
10273
10275
10277
10279
10281
10283
10285
10289
10291
10293
10295
10297
10299
10301
10303
10305
10307
10309
10311
10313
10315
10317
10319
10321
10323
10325
10327
10329
10331
10333
10335
10337
10339
10341
10343
10345
10347
10349
10351
10353
10355
10357
10359
10361
10363
10365
10367
10369
10371
10373
10375
10377
10379
10381
10383
10385
10387
10389
10391
10393
10395
10397
10399
10401
10403
10405
10407
10409
10411
10413
10415
10417
10419
10421
10423
10425
10427
10429
10431
10433
10435
10437
10439
10441
10443
10445
10447
10449
10451
10453
10455
10457
10459
10461
10463
10465
10467
10469
10471
10473
10475
10477
10479
10483
10485
10487
10489
10491
10493
10495
10497
10499
10501
10503
10505
10507
10511
10513
10515
10517
10519
10521
10523
10525
10527
10529
10531
10533
10535
10537
10539
10541
10543
10545
10547
10549
10553
10555
10557
10559
10561
10563
10565
10567
10569
10571
10573
10575
10577
10579
10581
10583
10585
10587
10589
10591
10593
10595
10599
10601
10603
10605
10607
10609
10611
10613
10615
10617
10619
10621
10623
10625
10627
10629
10631
10633
10635
10637
10639
10641
10643
10645
10647
10649
10651
10653
10655
10657
10659
10661
10663
10665
10667
10669
10671
10673
10675
10677
10679
10681
10683
10685
10687
10689
10691
10693
10695
10697
10699
10701
10703
10705
10707
10709
10711
10713
10715
10717
10719
10721
10723
10725
10727
10729
10731
10733
10735
10737
10739
10741
10743
10745
10747
10749
10751
10753
10755
10757
10759
10761
10763
10765
10767
10769
10771
10773
10775
10777
10779
10781
10783
10785
10787
10789
10791
10793
10795
10797
10799
10801
10803
10805
10807
10809
10811
10813
10815
10817
10819
10821
10823
10825
10827
10829
10831
10833
10835
10837
10839
10841
10843
10845
10847
10849
10851
10853
10855
10857
10859
10861
10863
10865
10867
10869
10871
10873
10875
10877
10879
10881
10883
10885
10887
10889
10891
10893
10895
10897
10899
10901
10903
10905
10907
10909
10911
10913
10915
10917
10919
10921
10923
10925
10927
10929
10931
10933
10935
10937
10939
10941
10943
10945
10947
10949
10951
10953
10955
10957
10959
10961
10963
10965
10967
10969
10971
10973
10975
10977
10979
10981
10983
10985
10987
10989
10991
10993
10995
10997
10999
27953
27954
27955
27956
27957
27958
27959
27960
27961
27962
27963
27964
27965
27966
27967
27968
27969
27970
27971
27972
27973
27974
27975
27976
27977
27978
27979
27980
27981
27982
27983
27984
27985
27986
27987
27988
27989
27990
27991
27992
27993
27994
27995
27996
27997
27998
27999
28000
28001
28002
28003
28004
28005
28006
28007
28008
28009
28010
28011
28012
28013
28014
28015
28017
28019
28021
28023
28025
28027
28029
28031
28033
28035
28037
28039
28041
28043
28045
28047
28049
28051
28053
28055
28057
28059
28061
28063
28065
28067
28069
28071
28073
28075
28077
28079
28081
28083
28085
28087
28089
28091
28093
28095
28097
28099
28101
28103
28105
28107
28109
28111
28113
28115
28117
28119
28121
28123
28125
28127
28129
28131
28133
28135
28137
28139
28141
28143
28145
28147
28149
28151
28153
28155
28157
28159
28161
28163
28165
28167
28169
28171
28173
28175
28177
28179
28181
28183
28185
28187
28189
28191
28193
28195
28197
28199
28201
28203
28205
28207
28209
28211
28213
28215
28216
28217
28218
28219
28220
28221
28222
28223
28224
28225
28227
28229
28231
28233
28235
28237
28239
28241
28243
28245
28247
28249
28251
28253
28255
28257
28259
28261
28263
28265
28267
28269
28271
28273
28275
28277
28279
28281
28283
28285
28287
28289
28291
28293
28295
28297
28299
28301
28303
28305
28307
28309
28311
28313
28315
28317
28319
28321
28323
28325
28327
28329
28331
28333
28335
28337
28339
28341
28343
28345
28347
28349
28351
28353
28355
28357
28359
28361
28363
28365
28367
28369
28371
28373
28375
28377
28379
28381
28383
28385
28387
28389
28391
28393
28395
28397
28399
28401
28403
28405
28407
28409
28411
28413
28415
28417
28419
28421
28423
28425
28427
28429
28431
28433
28435
28437
28439
28441
28443
28445
28447
28449
28451
28453
28455
28457
28459
28461
28463
28465
28467
28469
28471
28473
28475
28477
28479
28481
28483
28485
28487
28489
28491
28493
28495
28497
28499
28501
28503
28505
28507
28509
28511
28513
28515
28517
28519
28521
28523
28525
28527
28529
28531
28533
28535
28537
28539
28541
28543
28545
28547
28549
28551
28553
28555
28557
28559
28561
28563
28565
28567
28569
28571
28573
28575
28577
28579
28581
28583
28585
28587
28589
28591
28593
28595
28597
28599
28601
28603
28605
28607
28609
28611
28613
28615
28617
28619
28621
28623
28625
28627
28629
28631
28633
28635
28637
28639
28641
28643
28645
28647
28649
28651
28653
28655
28657
28659
28661
28663
28665
28667
28669
28671
28673
28675
28677
28679
28681
28683
28685
28687
28689
28691
28693
28695
28697
28699
28701
28703
28705
28707
28709
41089
41091
41093
41095
41097
41099
41101
41103
41105
41107
41109
41111
41113
41115
41117
41119
41121
41123
41125
41127
41129
41131
41133
41135
41137
41139
41141
41143
41145
41147
41149
41151
41153
41155
41157
41159
41161
41163
41165
41167
41169
41171
41173
41175
41177
41179
41181
41183
41185
41187
41189
41191
41193
41195
41197
41199
41201
41203
41205
41207
41209
41211
41213
41215
41217
41219
41221
41223
41225
41227
41229
41231
41233
41235
41237
41239
41241
41243
41245
41247
41249
41251
41253
41255
41257
41259
41261
41263
41265
41267
41269
41271
41273
41275
41277
41279
41281
41283
41285
41287
41289
41291
41293
41295
41297
41299
41301
41303
41305
41307
41309
41311
41313
41315
41317
41319
41321
41323
41325
41327
41329
41331
41333
41335
41337
41339
41341
41343
41345
41347
41349
41351
41353
41355
41357
41359
41361
41363
41365
41367
41369
41371
41373
41375
41377
41379
41381
41383
41385
41387
41389
41391
41393
41395
41397
41399
41401
41403
41405
41407
41409
41411
41413
41415
41417
41419
41421
41423
41425
41427
41429
41431
41433
41435
41437
41439
41441
41443
41445
41447
41449
41451
41453
41455
41457
41459
41461
41463
41465
41467
41469
41471
41473
41475
41477
41479
41481
41483
41485
41487
41489
41491
41493
41495
41497
41499
41501
41503
41505
41507
41509
41511
41513
41515
41517
41519
41521
41523
41525
41527
41529
41531
41533
41535
41537
41539
41541
41543
41545
41547
41549
41551
41553
41555
41557
41559
41561
41563
41565
41567
41569
41571
41573
41575
41577
41579
41581
41583
41585
41587
41589
41591
41593
41595
41597
41599
41601
41603
41605
41607
41609
41611
41613
41615
41617
41619
41621
41623
41625
41627
41629
41631
41633
41635
41637
41639
41641
41643
41645
41647
41649
41651
41653
41655
41657
41659
41661
41663
41665
41667
41669
41671
41673
41675
41677
41679
41681
41683
41685
41687
41689
41691
41693
41695
41697
41699
41701
41703
41705
41707
41709
41711
41713
41715
41717
41719
41721
41723
41725
41727
41729
41731
41733
41735
41737
41739
41741
41743
41745
41747
41749
41751
41753
41755
41757
41759
41761
41763
41765
41767
41769
41771
41773
41775
41777
41779
41781
41783
41785
41787
41789
41791
41793
41795
41797
41799
41801
41803
41805
41807
41809
41811
41813
41815
41817
41819
41821
41823
41825
41827
41829
41831
41833
41835
41837
41839
41841
41843
41845
41847
41849
41851
41853
41855
41857
41859
41861
41863
41865
41867
41869
41871
41873
41875
41877
41879
41881
41883
41885
41887
41889
41891
41893
41895
41897
41898
41899
41900
41901
41902
41903
41904
41905
41906
41907
41908
41909
41910
41911
41912
41913
41914
41915
41916
41917
41918
41919
41920
41921
41922
41923
41924
41925
41926
41927
41928
41929
41930
41931
41932
41933
41934
41935
41936
41937
41938
41939
41940
41941
41942
41943
41944
41945
41946
41947
41948
41949
41950
41951
41952
41953
41954
41955
41956
41957
41959
41961
41963
41965
41967
41969
41971
41973
41975
41977
41979
41981
41983
41985
41987
41989
41991
41993
41995
41997
41999
42001
42003
42005
42007
42009
42011
42013
42015
42017
42019
42021
42023
42025
42027
42029
42031
42033
42035
42037
42039
42041
42043
42045
42047
42049
42051
42053
42055
42057
42059
42061
42063
42065
42067
42069
42071
42073
42075
42077
42079
42081
42083
42085
42087
42089
42091
42093
42095
42097
42099
42101
42103
42105
42107
42109
42111
42113
42115
42117
42119
42121
42123
42125
42127
42129
42131
42133
42135
42137
42139
42141
42143
42145
42147
42149
42151
42153
42155
42157
42159
42161
42163
42165
42167
42169
42171
42173
42175
42177
42179
42181
42183
42185
42187
42189
42191
42193
42195
42197
42199
42201
42203
42205
42207
42209
42211
42213
42215
42217
42219
42221
42223
42225
42227
42229
42231
42233
42235
42237
42239
42241
42243
42245
42247
42249
42251
42253
42255
42257
42259
42261
42263
42265
42267
42269
42271
42273
42275
42277
42279
42281
42283
42285
42287
42289
42291
42293
42295
42297
42299
42301
42303
42305
42307
42309
42311
42313
42315
42317
42319
42321
42323
42325
42327
42329
42331
42333
42335
42337
42339
42341
42343
42345
42347
42349
42351
42353
42355
42357
42359
42361
42363
42365
42367
42369
42371
42373
42375
42377
42379
42381
42383
42385
42387
42389
42391
42393
42395
42397
42399
42401
42403
42405
42407
42409
42411
42413
42415
42417
42419
42421
42423
42425
42427
42429
42431
42433
42435
42437
42439
42441
42443
42445
42447
42449
42451
42453
42455
42457
42459
42461
42463
42465
42467
42469
42471
42473
42475
42477
42479
42481
42483
42485
42487
42489
42491
42493
42495
42497
42499
42501
42503
42505
42507
42509
42511
42513
42515
42517
42519
42521
42523
42525
42527
42529
42531
42533
42535
42537
42539
42541
42543
42545
42547
42549
42551
42553
42555
42557
42559
42561
42563
42565
42567
42569
42571
42573
42575
42577
42579
42581
42583
42585
42587
42589
42591
42593
42595
42597
42599
42601
42603
42605
42607
42609
42611
42613
42615
42617
42619
42621
42623
42625
42627
42629
42631
42633
42635
42637
42639
42641
42643
42645
42647
42649
42651
42653
42655
42657
42659
42661
42663
42665
42667
42669
42671
42673
42675
42677
42679
42681
42683
42685
42687
42689
42691
42693
42695
42697
42699
42701
42703
42705
42707
42709
42711
42713
42715
42717
42719
42721
42723
42725
42727
42729
42731
42733
42735
42737
42739
42741
42743
42745
42747
42749
42751
42753
42755
42757
42759
42761
42763
42765
42767
42769
42771
42773
42775
42777
42779
42781
42783
42785
42787
42789
42791
42793
42795
42797
42799
42801
42803
42805
42807
42809
42811
42813
42815
42817
42819
42821
42823
42825
42827
42829
42831
42833
42835
42837
42839
42841
42843
42845
42847
42849
42851
42853
42855
42857
42859
42861
42863
42865
42867
42869
42871
42873
42875
42877
42879
42881
42883
42885
42887
42889
42891
42893
42895
42897
42899
42901
42903
42905
42907
42909
42911
42913
42915
42917
42919
42921
42923
42925
42927
42929
42931
42933
42935
42937
42939
42941
42943
42945
42947
42949
42951
42953
42955
42957
42959
42961
42963
42965
42967
42969
42971
42973
42975
42977
42979
42981
42983
42985
42987
42989
42991
42993
42995
42997
42999
43001
43003
43005
43007
43009
43011
43013
43015
43017
43019
43021
43023
43025
43027
43029
43031
43033
43035
43037
43039
43041
43043
43045
43047
43049
43051
43053
43055
43057
43059
43061
43063
43065
43067
43069
43071
43073
43075
43077
43079
43081
43083
43085
43087
43089
43091
43093
43095
43097
43099
43101
43103
43105
43107
43109
43111
43113
43115
43117
43119
43121
43123
43125
43127
43129
43131
43133
43135
43137
43139
43141
43143
43145
43147
43149
43151
43153
43155
43157
43159
43161
43163
43165
43167
43169
43171
43173
43175
43177
43179
43181
43183
43185
43187
43189
43191
43193
43195
43197
43199
43201
43203
43205
43207
43209
43211
43213
43215
43217
43219
43221
43223
43225
43227
43229
43231
43233
43235
43237
43239
43241
43243
43245
43247
43249
43251
43253
43255
43257
43259
43261
43263
43265
43267
43269
43271
43273
43275
43277
43279
43281
43283
43285
43287
43289
43291
43293
43295
43297
43299
43301
43303
43305
43307
43309
43311
43313
43315
43317
43319
43321
43323
43325
43327
43329
43331
43333
43335
43337
43339
43341
43343
43345
43347
43349
43351
43353
43355
43357
43359
43361
43363
43365
43367
43369
43371
43373
43375
43377
43379
43381
43383
43385
43387
43389
43391
43393
43395
43397
43399
43401
43403
43405
43407
43409
43411
43413
43415
43417
43419
43421
43423
43425
43427
43429
43431
43433
43435
43437
43439
43441
43443
43445
43447
43449
43451
43453
43455
43457
43459
43461
43463
43465
43467
43469
43471
43473
43475
43477
43479
43481
43483
43485
43487
43489
43491
43493
43495
43497
43499
43501
43503
43505
43507
43509
43511
43513
43515
43517
43519
43521
43523
43525
43527
43529
43531
43533
43535
43537
43539
43541
43543
43545
43547
43549
43551
43553
43555
43557
43559
43561
43563
43565
43567
43569
43571
43573
43575
43577
43579
43581
43583
43585
43587
43589
43591
43593
43595
43597
43599
43601
43603
43605
43607
43609
43611
43613
43615
43617
43619
43621
43623
43625
43627
43629
43631
43633
43635
43637
43639
43641
43643
43645
43647
43649
43651
43653
43655
43657
43659
43661
43663
43665
43667
43669
43671
43673
43675
43677
43679
43681
43683
43685
43687
43689
43691
43693
43695
43697
43699
43701
43703
43705
43707
43709
43711
43713
43715
43717
43719
43721
43723
43725
43727
43729
43731
43733
43735
43737
43739
43741
43743
43745
43747
43749
43751
43753
43755
43757
43759
43761
43763
43765
43767
43769
43771
43773
43775
43777
43779
43781
43783
43785
43787
43789
43791
43793
43795
43797
43799
43801
43803
43805
43807
43809
43811
43813
43815
43817
43819
43821
43823
43825
43827
43829
43831
43833
43835
43837
43839
43841
43843
43845
43847
43849
43851
43853
43855
43857
43859
43861
43863
43865
43867
43869
43871
43873
43875
43877
43879
43881
43883
43885
43887
43889
43891
43893
43895
43897
43899
43901
43903
43905
43907
43909
43911
43913
43915
43917
43919
43921
43923
43925
43927
43929
43931
43933
43935
43937
43939
43941
43943
43945
43947
43949
43951
43953
43955
43957
43959
43961
43963
43965
43967
43969
43971
54797
54799
