2634
2635
2636
2637
2638
2639
2640
2641
2642
2643
2644
2645
2646
2647
2648
2649
2650
2651
2652
2653
2654
2655
2656
2657
2658
2659
2660
2661
2662
2663
2664
2665
2666
2667
2668
2669
2670
2671
2672
2673
2674
2675
2676
2677
2678
2679
2680
2681
2682
2683
2685
2687
2689
2691
2693
2695
2697
2699
2701
2703
2705
2707
2709
2711
2713
2715
2717
2719
2721
2723
2725
2727
2729
2731
2733
2735
2737
2739
2741
2743
2745
2747
2749
2751
2753
2755
2757
2759
2761
2763
2765
2767
2769
2771
2773
2775
2777
2779
2781
2783
2785
2787
2789
2791
2793
2795
2797
2799
2801
2803
2805
2807
2809
2811
2813
2815
2817
2819
2821
2823
2825
2827
2829
2831
2833
2835
2837
2839
2841
2843
2845
2847
2849
2851
2853
2855
2857
2859
2861
2863
2865
2867
2869
2871
2873
2875
2877
2879
2881
2883
2885
2887
2889
2891
2893
2895
2897
2898
2899
2900
2901
2902
2903
2904
2905
2906
2907
2908
2909
2910
2911
2912
2913
2914
2915
2916
2917
2918
2919
2920
2921
2922
2923
2924
2925
2926
2927
2928
2929
2930
2931
2932
2933
2934
2935
2936
2937
2938
2939
2940
2941
2942
2943
2944
2945
2946
2947
2949
2951
2953
2955
2957
2959
2961
2963
2965
2967
2969
2971
2973
2975
2977
2979
2981
2983
2985
2987
2989
2991
2993
2995
2997
2999
3001
3003
3005
3007
3009
3011
3013
3015
3017
3019
3021
3023
3025
3027
3029
3031
3033
3035
3037
3039
3041
3043
3045
3047
3049
3051
3053
3055
3057
3059
3061
3063
3065
3067
3069
3071
3073
3075
3077
3079
3081
3083
3085
3087
3089
3090
3091
3092
3093
3094
3095
3096
3097
3098
3099
3100
3101
3102
3103
3104
3105
3106
3107
3108
3109
3110
3111
3112
3113
3114
3115
3116
3117
3118
3119
3120
3121
3122
3123
3124
3125
3126
3127
3128
3129
3130
3131
3132
3133
3134
3135
3136
3137
3138
3139
3141
3143
3145
3147
3149
3151
3153
3155
3157
3159
3161
3163
3165
3167
3169
3171
3173
3175
3177
3179
3181
3183
3185
3187
3189
3191
3193
3195
3197
3199
3201
3203
3205
3207
3209
3211
3213
3215
3217
3219
3221
3223
3225
3227
3229
3231
3233
3235
3237
3239
3241
3243
3245
3247
3251
3253
3255
3257
3259
3261
3267
3269
3271
3273
3275
3277
3279
3281
3283
3285
3287
3289
3291
3293
3295
3297
3299
3301
3303
3305
3307
3309
3311
3313
3315
3317
3319
3321
3323
3325
3327
3329
3331
3333
3335
3337
3339
3341
3343
3345
3347
3349
3351
3353
3355
3357
3359
3361
3363
3365
3367
3369
3371
3373
3375
3377
3379
3381
5000
5001
5002
5003
5004
5005
5006
5007
5008
5009
5010
5011
5012
5013
5014
5015
5016
5017
5018
5019
5020
5021
5023
5025
5027
5029
5031
5033
5035
5037
5041
5043
5045
5047
5049
5053
5055
5057
5059
5061
5063
5065
5067
5068
5069
5071
5073
5075
5077
5079
5081
5083
5085
5087
5089
5091
5093
5095
5097
5099
5101
5103
5105
5107
5109
5111
5113
5115
5117
5119
5121
5123
5125
5127
5129
5131
5133
5135
5137
5139
5141
5143
5145
5147
5149
5151
5153
5155
5157
5159
5161
5163
5165
5167
5169
5171
5173
5175
5177
5179
5181
5183
5185
5187
5189
5191
5192
5193
5194
5195
5196
5197
5198
5199
5200
5201
5202
5203
5204
5205
5206
5207
5208
5209
5210
5211
5212
5213
5214
5215
5216
5217
5218
5219
5220
5221
5222
5223
5224
5225
5226
5227
5228
5229
5230
5231
5232
5233
5234
5235
5236
5237
5238
5239
5240
5241
5242
5243
5244
5245
5246
5247
5248
5249
5250
5251
5252
5253
5254
5255
5256
5257
5258
5259
5260
5261
5262
5263
5264
5265
5266
5267
5268
5269
5270
5271
5272
5273
5274
5275
5276
5277
5278
5279
5280
5281
5282
5283
5284
5285
5286
5287
5288
5289
5290
5291
5292
5293
5294
5295
5297
5299
5301
5303
5305
5307
5309
5311
5313
5315
5317
5319
5325
5328
5329
5330
5331
5332
5333
5334
5335
5336
5337
5338
5340
5341
5342
5343
5344
5345
5346
5348
5349
5350
5351
5352
5353
5354
5355
5356
5357
5358
5359
5360
5361
5362
5363
5364
5365
5366
5367
5368
5369
5370
5371
5372
5373
5374
5375
5376
5377
5378
5379
5380
5381
5382
5615
5617
5619
5621
5623
5625
5627
5629
5631
5633
5635
5637
5639
5641
5643
5645
5647
5649
5651
5653
5655
5657
5659
5661
5663
5665
5667
5669
5671
5673
5675
5677
5679
5681
5683
5685
5687
5689
5691
5693
5695
5697
5699
5701
5703
5705
5707
5709
5711
5713
5715
5717
5719
5721
5723
5725
5727
5729
5731
5733
5735
5737
5739
5741
5743
5745
5747
5749
5751
5753
5755
5757
5759
5761
5763
5765
5767
5769
5771
5773
5775
5777
5779
5781
5783
5785
5787
5789
5791
5793
5795
5797
5799
5801
5803
5805
5807
5809
5811
5813
5815
5817
5819
5821
5823
5825
5827
5829
5831
5833
5835
5837
5839
5841
5843
5845
5847
5849
5851
5853
5855
5857
5861
5863
5865
5867
5869
5871
5873
5875
5877
5879
5881
5883
5885
5887
5889
5891
5893
5895
5897
5899
5901
5903
5905
5907
5909
5911
5913
5915
5917
5919
5921
5923
5925
5927
5929
5931
5933
5935
5937
5939
5941
5943
5945
5947
5949
5951
5953
5955
5957
5959
5961
5963
5965
5967
5969
5971
5973
5975
5977
5979
5981
5983
5985
5987
5989
5991
5993
5995
5997
5999
9651
9653
9655
9657
9659
9661
9663
9665
9667
9669
9671
9673
9675
9677
9679
9681
9683
9685
9687
9689
9691
9693
9695
9697
9699
9701
9703
9705
9707
9709
9711
9713
9715
9717
9719
9721
9723
9725
9727
9729
9731
9733
9735
9737
9739
9741
9743
9745
9747
9749
9751
9753
9755
9757
9759
9761
9763
9765
9767
9769
9771
9773
9775
9777
9779
9781
9783
9785
9787
9789
9791
9793
9795
9797
9799
9801
9803
9805
9807
9809
9811
9813
9815
9817
9819
9821
9823
9825
9827
9829
9831
9833
9835
9837
9839
9841
9843
9845
9847
9849
9851
9853
9855
9857
9859
9861
9863
9865
9867
9869
9871
9873
9875
9877
9879
9881
9883
9885
9887
9889
9891
9893
9895
9897
9899
9901
9903
9905
9907
9909
9911
9913
9915
9917
9919
9921
9923
9925
9927
9929
9931
9933
9935
9937
9939
9941
9943
9945
9947
9949
9951
9953
9955
9957
9959
9961
9963
9965
9967
9969
9971
9973
9975
9977
9979
9981
9983
9985
9987
9989
9991
9993
9995
9997
9999
10001
10003
10005
10007
10009
10011
10013
10015
10017
10019
10021
10023
10025
10027
10029
10031
10033
10035
10037
10039
10041
10043
10045
10047
10049
10051
10053
10055
10057
10059
10061
10063
10065
10067
10069
10071
10073
10075
10077
10079
10081
10083
10085
10087
10089
10091
10093
10095
10097
10099
10101
10103
10105
10107
10109
10111
10113
10115
10117
10119
10121
10123
10125
10127
10129
10131
10133
10135
10137
10139
10141
10143
10145
10147
10149
10151
10153
10155
10157
10159
10161
10163
10165
10167
10169
10171
10173
10175
10177
10179
10181
10183
10185
10187
10189
10191
10193
10195
10197
10199
10201
10203
10205
10207
10209
10211
10213
10215
10217
10219
10221
10223
10225
10227
10229
10231
10233
10235
10237
10239
10241
10243
10245
10247
10249
10251
10253
10255
10257
10259
10261
10263
10265
10267
10269
10271
10273
10275
10277
10279
10281
10283
10285
10289
10291
10293
10295
10297
10299
10301
10303
10305
10307
10309
10311
10313
10315
10317
10319
10321
10323
10325
10327
10329
10331
10333
10335
10337
10339
10341
10343
10345
10347
10349
10351
10353
10355
10357
10359
10361
10363
10365
10367
10369
10371
10373
10375
10377
10379
10381
10383
10385
10387
10389
10391
10393
10395
10397
10399
10401
10403
10405
10407
10409
10411
10413
10415
10417
10419
10421
10423
10425
10427
10429
10431
10433
10435
10437
10439
10441
10443
10445
10447
10449
10451
10453
10455
10457
10459
10461
10463
10465
10467
10469
10471
10473
10475
10477
10479
10483
10485
10487
10489
10491
10493
10495
10497
10499
10501
10503
10505
10507
10511
10513
10515
10517
10519
10521
10523
10525
10527
10529
10531
10533
10535
10537
10539
10541
10543
10545
10547
10549
10553
10555
10557
10559
10561
10563
10565
10567
10569
10571
10573
10575
10577
10579
10581
10583
10585
10587
10589
10591
10593
10595
10599
10601
10603
10605
10607
10609
10611
10613
10615
10617
10619
10621
10623
10625
10627
10629
10631
10633
10635
10637
10639
10641
10643
10645
10647
10649
10651
10653
10655
10657
10659
10661
10663
10665
10667
10669
10671
10673
10675
10677
10679
10681
10683
10685
10687
10689
10691
10693
10695
10697
10699
10701
10703
10705
10707
10709
10711
10713
10715
10717
10719
10721
10723
10725
10727
10729
10731
10733
10735
10737
10739
10741
10743
10745
10747
10749
10751
10753
10755
10757
10759
10761
10763
10765
10767
10769
10771
10773
10775
10777
10779
10781
10783
10785
10787
10789
10791
10793
10795
10797
10799
10801
10803
10805
10807
10809
10811
10813
10815
10817
10819
10821
10823
10825
10827
10829
10831
10833
10835
10837
10839
10841
10843
10845
10847
10849
10851
10853
10855
10857
10859
10861
10863
10865
10867
10869
10871
10873
10875
10877
10879
10881
10883
10885
10887
10889
10891
10893
10895
10897
10899
10901
10903
10905
10907
10909
10911
10913
10915
10917
10919
10921
10923
10925
10927
10929
10931
10933
10935
10937
10939
10941
10943
10945
10947
10949
10951
10953
10955
10957
10959
10961
10963
10965
10967
10969
10971
10973
10975
10977
10979
10981
10983
10985
10987
10989
10991
10993
10995
10997
10999
11001
11003
11005
11007
11009
11011
11013
11015
11017
11019
11021
11023
11025
11027
11029
11031
11033
11035
11037
11039
11041
11043
11045
11047
11049
11051
11053
11055
11057
11059
11061
11063
11065
11067
11069
11071
11073
11075
11077
11079
11081
11083
11085
11087
11089
11091
11093
11095
11097
11099
11101
11103
11105
11107
11109
11111
11113
11115
11117
11119
11121
11123
11125
11127
11129
11131
11133
11135
11137
11139
11141
11143
11145
11147
11149
11151
11153
11155
11157
11159
11161
11163
11165
11167
11169
11171
11173
11175
11177
11179
11181
11183
11185
11187
11189
11191
11193
11195
11197
11199
11201
11203
11205
11207
11209
11211
11213
11215
11217
11219
11221
11223
11225
11227
11229
11231
11233
11235
11237
11239
11241
11243
11245
11247
11249
11251
11253
11255
11257
11259
11261
11263
11265
11267
11269
11271
11273
11275
11277
11279
11281
11283
11285
11287
11289
11291
11293
11295
11297
11299
11301
11303
11305
11307
11309
11311
11313
11315
11317
11319
11321
11323
11325
11327
11329
11331
11333
11335
11337
11339
11341
11343
11345
11347
11349
11351
11353
11355
11357
11359
11361
11363
11365
11367
11369
11371
11373
11375
11377
11379
11381
11383
11385
11387
11389
11391
11393
11395
11397
11399
11401
11403
11405
11407
11409
11411
11413
11415
11417
11419
11421
11423
11425
11427
11429
11431
11433
11435
11437
11439
11441
11443
11445
11447
11449
11451
11453
11455
11457
11459
11461
11463
11465
11467
11469
11471
11473
11475
11477
11479
11481
11483
11485
11487
11489
11491
11493
11495
11497
11499
11501
11503
11505
11507
11509
11511
11513
11515
11517
11519
11521
11523
11525
11527
11529
11531
11533
11535
11537
11539
11541
11543
11545
11547
11549
11551
11553
11555
11557
11559
11561
11563
11565
11567
11569
11571
11573
11575
11577
11579
11581
11583
11585
11587
11589
11591
11593
11595
11597
11599
11601
11603
11605
11607
11609
11611
11613
11615
11617
11619
11621
11623
11625
11627
11629
11631
11633
11635
11637
11639
11641
11643
11645
11647
11649
11651
11653
11655
11657
11659
11661
11663
11665
11667
11669
11671
11673
11675
11677
11679
11681
11683
11685
11687
11689
11691
11693
11695
11697
11699
11701
11703
11705
11707
11709
11711
11713
11715
11717
11719
11721
11723
11725
11727
11729
11731
11733
11735
11737
11739
11741
11743
11745
11747
11749
11751
11753
11755
11757
11759
11761
11763
11765
11767
11769
11771
11773
11775
11777
11779
11781
11783
11785
11787
11789
11791
11793
11795
11797
11799
11801
11803
11805
11807
11809
11811
11813
11815
11817
11819
11821
11823
11825
11827
11829
11831
11833
11835
11837
11839
11841
11843
11845
11847
11849
11851
11853
11855
11857
11859
11861
11863
11865
11867
11869
11871
11873
11875
11877
11879
11881
11883
11885
11887
11889
11891
11893
11895
11897
11899
11901
11903
11905
11907
11909
11911
11913
11915
11917
11919
11921
11923
11925
11927
11929
11931
11933
11935
11937
11939
11941
11943
11945
11947
11949
11951
11953
11955
11957
11959
11961
11963
11965
11967
11969
11971
11973
11975
11977
11979
11981
11983
11985
11987
11989
11991
11993
11995
11997
11999
12001
12003
12005
12007
12009
12011
12013
12015
12017
12019
12021
12023
12025
12027
12029
12031
12033
12035
12037
12039
12041
12043
12045
12047
12049
12051
12053
12055
12057
12059
12061
12063
12065
12067
12069
12071
12073
12075
12077
12079
12081
12083
12085
12087
12089
12091
12093
12095
12097
12099
12101
12103
12105
12107
12109
12111
12113
12115
12117
12119
12121
12123
12125
12127
12129
12131
12133
12135
12137
12139
12141
12143
12145
12147
12149
12151
12153
12155
12157
12159
12161
12163
12165
12167
12169
12171
12173
12175
12177
12179
12181
12183
12185
12187
12189
12191
12193
12195
12197
12199
12201
12203
12205
12207
12209
12211
12213
12215
12217
12219
12221
12223
12225
12227
12229
12231
12233
12235
12237
12239
12241
12243
12245
12247
12249
12251
12253
12255
12257
12259
12261
12263
12265
12267
12269
12271
12273
12275
12277
12279
12281
12283
12285
12287
12289
12291
12293
12295
12297
12299
12301
12303
12305
12307
12309
12311
12313
12315
12317
12319
12321
12323
12325
12327
12329
12331
12333
12335
12337
12339
12341
12343
12345
12347
12349
12351
12353
12355
12357
12359
12361
12363
12365
12367
12369
12371
12373
12375
12377
12379
12381
12383
12385
12387
12389
12391
12393
12395
12397
12399
12401
12403
12405
12407
12409
12411
12413
12415
12417
12419
12421
12423
12425
12427
12429
12431
12433
12435
12437
12439
12441
12443
12445
12447
12449
12451
12453
12455
12457
12459
12461
12463
12465
12467
12469
12471
12473
12475
12477
12479
12481
12483
12485
12487
12489
12491
12493
12495
12497
12499
12501
12503
12505
12507
12509
12511
12513
12515
12517
12519
12521
12523
12525
12527
12529
12531
12533
12535
12537
12539
12541
12543
12545
12547
12549
12551
12553
12555
12557
12559
12561
12563
12565
12567
12569
12571
12573
12575
12577
12579
12581
12583
12585
12587
12589
12591
12593
12595
12597
12599
12601
12603
12605
12607
12609
12611
12613
12615
12617
12619
12621
12623
12625
12627
12629
12631
12633
12635
12637
12639
12641
12643
12645
12647
12649
12651
12653
12655
12657
12659
12661
12663
12665
12667
12669
12671
12673
12675
12677
12679
12681
12683
12685
12687
12689
12691
12693
12695
12697
12699
12701
12703
12705
12707
12709
12711
12713
12715
12717
12719
12721
12723
12725
12727
12729
12731
12733
12735
12737
12739
12741
12743
12745
12747
12749
12751
12753
12755
12757
12759
12761
12763
12765
12767
12769
12771
12773
12775
12777
12779
12781
12783
12785
12787
12789
12791
12793
12795
12797
12799
12801
12803
12805
12807
12809
12811
12813
12815
12817
12819
12821
12823
12825
12827
12829
12831
12833
12835
12837
12839
12841
12843
12845
12847
12849
12851
12853
12855
12857
12859
12861
12863
12865
12867
12869
12871
12873
12875
12877
12879
12881
12883
12885
12887
12889
12891
12893
12895
12897
12899
12901
12903
12905
12907
12909
12911
12913
12915
12917
12919
12921
12923
12925
12927
12929
12931
12933
12935
12937
12939
12941
12943
12945
12947
12949
12951
12953
12955
12957
12959
12961
12963
12965
12967
12969
12971
12973
12975
12977
12979
12981
12983
12985
12987
12989
12991
12993
12995
12997
12999
13001
13003
13005
13007
13009
13011
13013
13015
13017
13019
13021
13023
13025
13027
13029
13031
13033
13035
13037
13039
13041
13043
13045
13047
13049
13051
13053
13055
13057
13059
13061
13063
13065
13067
13069
13071
13073
13075
13077
13079
13081
13083
13085
13087
13089
13091
13093
13095
13097
13099
13101
13103
13105
13107
13109
13111
13113
13115
13117
13119
13121
13123
13125
13127
13129
13131
13133
13135
13137
13139
13141
13143
13145
13147
13149
13151
13153
13155
13157
13159
13161
13163
13165
13167
13169
13171
13173
13175
13177
13179
13181
13183
13185
13187
13189
13191
13193
13195
13197
13199
13201
13203
13205
13207
13209
13211
13213
13215
13217
13219
13221
13223
13225
13227
13229
13231
13233
13235
13237
13239
13241
13243
13245
13247
13249
13251
13253
13255
13257
13259
13261
13263
13265
13267
13269
13271
13273
13275
13277
13279
13281
13283
13285
13287
13289
13291
13293
13295
13297
13299
13301
13303
13305
13307
13309
13311
13313
13315
13317
13319
13321
13323
13325
13327
13329
13331
13333
13335
13337
13339
13341
13343
13345
13347
13349
13351
13353
13355
13357
13359
13361
13363
13365
13367
13369
13371
13373
13375
13377
13379
13381
13383
13385
13387
13389
13391
13393
13395
13397
13399
13401
13403
13405
13407
13409
13411
13413
13415
13417
13419
13421
13423
13425
13427
13429
13431
13433
13435
13437
13439
13441
13443
13445
13447
13449
13451
13453
13455
13457
13459
13461
13463
13465
13467
13469
13471
13473
13475
13477
13479
13481
13483
13485
13487
13489
13491
13493
13495
13497
13499
13501
13503
13505
13507
13509
13511
13513
13515
13517
13519
13521
13523
13525
13527
13529
13531
13533
13535
13537
13539
13541
13543
13545
13547
13549
13551
13553
13555
13557
13559
13561
13563
13565
13567
13569
13571
13573
13575
13577
13579
13581
13583
13585
13587
13589
13591
13593
13595
13597
13599
13601
13603
13605
13607
13609
13611
13613
13615
13617
13619
13621
13623
13625
13627
13629
13631
13633
13635
13637
13639
13641
13643
13645
13647
13649
13651
13653
13655
13657
13659
13661
13663
13665
13667
13669
13671
13673
13675
13677
13679
13681
13683
13685
13687
13689
13691
13693
13695
13697
13699
13701
13703
13705
13707
13709
13711
13713
13715
13717
13719
13721
13723
13725
13727
13729
13731
13733
13735
13737
13739
13741
13743
13745
13747
13749
13751
13753
13755
13757
13759
13761
13763
13765
13767
13769
13771
13773
13775
13777
13779
13781
13783
13785
13787
13789
13791
13793
13795
13797
13799
13801
13803
13805
13807
13809
13811
13813
13815
13817
13819
13821
13823
13825
13827
13829
13831
13833
13835
13837
13839
13841
13843
13845
13847
13849
13851
13853
13855
13857
13859
13861
13863
13865
13867
13869
13871
13873
13875
13877
13879
13881
13883
13885
13887
13889
13891
13893
13895
13897
13899
13901
13903
13905
13907
13909
13911
13913
13915
13917
13919
13921
13923
13925
13927
13929
13931
13933
13935
13937
13939
13941
13943
13945
13947
13949
13951
13953
13955
13957
13959
13961
13963
13965
13967
13969
13971
13973
13975
13977
13979
13981
13983
13985
13987
13989
13991
13993
13995
13997
13999
14001
14003
14005
14007
14009
14011
14013
14015
14017
14019
14021
14023
14025
14027
14029
14031
14033
14035
14037
14039
14041
14043
14045
14047
14049
14051
14053
14055
14057
14059
14061
14063
14065
14067
14069
14071
14073
14075
14077
14079
14081
14083
14085
14087
14089
14091
14093
14095
14097
14099
14101
14103
14105
14107
14109
14111
14113
14115
14117
14119
14121
14123
14125
14127
14129
14131
14133
14135
14137
14139
14141
14143
14145
14147
14149
14151
14153
14155
14157
14159
14161
14163
14165
14167
14169
14171
14173
14175
14177
14179
14181
14183
14185
14187
14189
14191
14193
14195
14196
14197
14198
14199
14200
14201
14202
14203
14204
14205
14206
14207
14208
14209
14210
14211
14212
14213
14214
14215
14216
14217
14218
14219
14220
14221
14222
14223
14224
14225
14226
14227
14228
14229
14230
14231
14232
14233
14234
14235
14236
14237
14238
14239
14240
14241
14242
14243
14244
14245
14246
14247
14248
14249
14250
14251
14252
14253
14254
14255
14256
14257
14258
14259
14260
14261
14262
14263
14264
14265
14266
14267
14268
14269
14270
14271
14272
14273
14274
14275
14276
14277
14278
14279
14280
14281
14282
14283
14284
14285
14286
14287
14288
14289
14290
14291
14292
14293
14294
14295
14296
14297
14298
14299
14300
14301
14302
14303
14304
14305
14306
14307
14308
14309
14310
14311
14312
14313
14314
14315
14316
14317
14318
14319
14320
14321
14322
14323
14324
14325
14326
14327
14328
14329
14330
14331
14332
14333
14334
14335
14336
14337
14338
14339
14340
14341
14342
14343
14344
14345
14346
14347
14348
14349
14350
14351
14352
14353
14354
14355
14356
14357
14358
14359
14360
14361
14362
14363
14364
14365
14366
14367
14368
14369
14370
14371
14372
14373
14374
14375
14376
14377
14378
14379
14380
14381
14382
14383
14384
14385
14386
14387
14388
14389
14390
14391
14392
14393
14394
14395
14396
14397
14398
14399
14400
14401
14402
14403
14404
14405
14406
14407
14408
14409
14410
14411
14412
14413
14414
14415
14416
14417
14418
14419
14420
14421
14422
14423
14424
14425
14426
14427
14428
14429
14430
14431
14432
14433
14434
14435
14436
14437
14438
14439
14440
14441
14442
14443
14444
14445
14446
14447
14448
14449
14450
14451
14452
14453
14454
14455
14456
14457
14458
14459
14460
14461
14462
14463
14464
14465
14466
14467
14468
14469
14470
14471
14472
14473
14474
14475
14476
14477
14478
14479
14480
14481
14482
14483
14484
14485
14486
14487
14488
14489
14490
14491
14492
14493
14494
14495
14496
14497
14498
14499
14500
14501
14502
14503
14504
14505
14506
14507
14508
14509
14510
14511
14512
14513
14514
14515
14516
14517
14518
14519
14520
14521
14522
14523
14524
14525
14526
14527
14528
14529
14530
14531
14532
14533
14534
14535
14536
14537
14538
14539
14540
14541
14542
14543
14544
14545
14546
14547
14548
14549
14550
14551
14552
14553
14554
14555
14556
14557
14558
14559
14560
14561
14562
14563
14564
14565
14566
14567
14568
14569
14570
14571
14572
14573
14574
14575
14576
14577
14578
14579
14580
14581
14582
14583
14584
14585
14586
14587
14588
14589
14590
14591
14592
14593
14594
14595
14596
14597
14598
14599
14600
14601
14602
14603
14604
14605
14606
14607
14608
14609
14610
14611
14612
14613
14614
14615
14616
14617
14618
14619
14620
14621
14622
14623
14624
14625
14626
14627
14628
14629
14630
14631
14632
14633
14634
14635
14636
14637
14638
14639
14640
14641
14642
14643
14644
14645
14646
14647
14648
14649
14650
14651
14652
14653
14654
14655
14656
14657
14658
14659
14660
14661
14662
14663
14664
14665
14666
14667
14668
14669
14670
14671
14672
14673
14674
26646
26647
26648
26649
26650
26651
26652
26653
26654
26655
26656
26657
26658
26659
26660
26661
26662
26663
26664
26665
26666
26667
26668
26669
26670
26671
27465
27466
27467
27469
27471
38135
38137
38139
38141
38143
38145
38147
38149
38151
38153
38155
38157
38159
38161
38163
38165
38167
38169
38171
38173
38175
38177
38179
38181
38183
38185
38187
38189
38191
38193
38195
38197
38199
38201
38203
38205
38207
38209
38211
38213
38215
38217
38219
38221
38223
38225
38227
38229
38231
38233
38235
38237
38239
38241
38243
38245
38247
38249
38251
38253
38255
38257
38259
38261
38263
38265
38267
38269
38271
38273
38275
38277
38279
38281
38283
38285
38287
38289
38291
38293
38295
38297
38299
38301
38303
38305
38307
38309
38311
38313
38315
38317
38319
38321
38323
38325
38327
38329
38331
38333
38335
38337
38339
38341
38343
38345
38347
38349
38351
38353
38355
38357
38359
38361
38363
38365
38367
38369
38371
38373
38375
38377
38379
38381
38383
38385
38387
38389
38391
38393
38395
38397
38399
38401
38403
38405
38407
38409
38411
38413
38415
38417
38419
38421
38423
38425
38427
38429
38431
38433
38435
38437
38439
38441
38443
38445
38447
38449
38451
38453
38455
38457
38459
38461
38463
38465
38467
38469
38471
38473
38475
38477
38479
38481
38483
38485
38487
38489
38491
38493
38495
38497
38499
38501
38503
38505
38507
38509
38511
38513
38515
38517
38519
38521
38523
38525
38527
38529
38531
38533
38535
38537
38539
38541
38543
38545
38547
38549
38551
38553
38555
38557
38559
38561
38563
38565
38567
38569
38571
38573
38575
38577
38579
38581
38583
38585
38587
38589
38591
38593
38595
38597
38599
38601
38603
38605
38607
38609
38611
38613
38615
38617
38619
38621
38623
38625
38627
38629
38631
38633
38635
38637
38639
38641
38643
38645
38647
38649
38651
38653
38655
38657
38659
38661
38663
38665
38667
38669
38671
38673
38675
38677
38679
38681
38683
38685
38687
38689
38691
38693
38695
38697
38699
38701
38703
38705
38707
38709
38711
38713
38715
38717
38719
38721
38723
38725
38727
38729
38731
38733
38735
38737
38739
38741
38743
38745
38747
38749
38751
38753
38755
38757
38759
38761
38763
38765
38767
38769
38771
38773
38775
38777
38779
38781
38783
38785
38787
38789
38791
38793
38795
38797
38799
38801
38803
38805
38807
38809
38811
38813
38815
38817
38819
38821
38823
38825
38827
38829
38831
38833
38835
38837
38839
38841
38843
38845
38847
38849
38851
38853
38855
38857
38859
38861
38863
38865
38867
38869
38871
38873
38875
38877
38879
38881
38883
38885
38887
38889
38891
38893
38895
38897
38899
38901
38903
38905
38907
38909
38911
38913
38915
38917
38919
38921
38923
38925
38927
38929
38931
38933
38935
38937
38939
38941
38943
38945
38947
38949
38951
38953
38955
38957
38959
38961
38963
38965
38967
38969
38971
38973
38975
38977
38979
38981
38983
38985
38987
38989
38991
38993
38995
38997
38999
39001
39003
39005
39007
50001
50003
50005
50007
50009
50011
50013
50015
50017
50019
50021
50023
50025
50027
50029
50031
50033
50035
50037
50039
50041
50043
50045
50047
50049
50051
50053
50055
50057
50059
50061
50063
50065
50067
50069
50071
50073
50075
50077
50079
50081
50083
50085
50087
50089
50091
50093
50095
50097
50099
50101
50103
50105
50107
50109
50111
50113
50115
50117
50119
50121
50123
50125
50127
50129
50131
50133
50135
50137
50139
50141
50143
50145
50147
50149
50151
50153
50155
50157
50159
50161
50163
50165
50167
50169
50171
50173
50175
50177
50179
50333
50335
50337
50339
50341
50343
50345
50347
50349
50351
50353
50355
50357
50359
50361
50363
50365
50367
50369
50371
50373
50375
50377
50379
50381
50383
50385
50387
50389
50391
50393
50395
50397
50399
50401
50403
50405
50407
50409
50411
50413
50415
50417
50419
50421
50423
50425
50427
50429
50431
50433
50435
50437
50439
50441
50443
50445
50447
50449
50451
50453
50455
50457
50459
50461
50463
50465
50467
50469
50471
50473
50475
50477
50479
50481
50483
50485
50487
50489
50491
50493
50495
50497
50499
50501
50503
50505
50507
50509
50511
50513
50515
50517
50519
50521
50523
50525
50527
50529
50531
50533
50535
50537
50539
50541
50543
50545
50547
50549
50551
50553
50555
50557
50559
50561
50563
50565
50567
50569
50571
50573
50575
50577
50579
50581
50831
50833
50835
50837
50839
50841
50843
50845
50847
50849
50851
50853
50855
50857
50859
50861
50863
50865
50867
50869
50871
50873
50875
50877
50879
50881
50883
50885
50887
50889
50891
50893
50895
50897
50899
50901
50903
50905
50907
50909
50911
50913
50915
50917
50919
50921
50923
50925
50927
50929
50931
50933
50935
50937
50939
50941
50943
50945
50947
50949
50951
50953
50955
50957
50959
50961
50963
50965
50967
50969
50971
50973
50975
50977
50979
51031
51033
51035
51037
51039
51041
51043
51045
51047
51049
51051
51053
51055
51057
51059
51061
51063
51065
51067
51069
51071
51073
51075
51077
51079
51181
51183
51185
51187
51189
51191
51193
51195
51197
51199
51201
51203
51205
51207
51209
51211
51213
51215
51217
51219
51221
51223
51225
51227
51229
51281
51283
51285
51287
51289
51291
51293
51295
51297
51299
51301
51303
51305
51307
51309
51311
51313
51315
51317
51319
51321
51323
51325
51327
51329
51331
51333
51335
51337
51339
51341
51343
51345
51347
51349
51351
51353
51355
51357
51359
51361
51363
51365
51367
51369
51371
51373
51375
51377
51379
51381
51383
51385
51387
51389
51391
51393
51395
51397
51399
51401
51403
51405
51407
51409
51411
51413
51415
51417
51419
51421
51422
51423
51424
51425
51426
51427
51428
51429
51430
51431
51432
51433
51434
51435
51436
51437
51438
51439
51440
51441
51442
51443
51444
51445
51446
51447
51448
51449
51450
51451
51452
51453
51454
51455
51456
51457
51458
51459
51460
51461
51462
51463
51464
51465
51466
51467
51468
51469
51470
51471
51472
51473
51474
51475
51476
51477
51478
51479
51480
51481
51482
51483
51484
51485
51486
51487
51488
51489
51490
51491
51492
51493
51494
51495
51496
51497
51498
51499
51500
51501
51502
51503
51504
51505
51506
51507
51508
51509
51510
51511
51512
51513
51514
51515
51516
51517
51518
51519
51520
51521
51522
51523
51524
51525
51526
51527
51528
51529
51530
51531
51532
51533
51534
51535
51536
51537
51538
51539
51540
51541
51542
51543
51544
51545
51546
51547
51548
51549
51550
51551
51552
51553
51554
51555
51556
51557
51558
51559
51560
51561
51562
51563
51564
51565
51566
51567
51569
51571
51573
51575
51577
51579
51581
51583
51585
51587
51589
51591
51593
51595
51597
51599
51601
51603
51605
51607
51609
51611
51613
51615
51617
51619
51621
51623
51625
51627
51629
51631
51633
51635
51637
51639
51641
51643
51645
51647
51649
51651
51653
51655
51657
51659
51661
51663
51665
51667
51669
51671
51673
51675
51677
51679
51681
51683
51685
51687
51689
51691
51693
51695
51697
51699
51701
51703
51705
51707
51709
51711
51713
51715
51717
51719
51721
51723
51725
51727
51729
51731
51732
51733
51734
51735
51736
51737
51738
51739
51740
51741
51742
51743
51744
51745
51746
51747
51748
51749
51750
51751
51752
51753
51754
51755
51756
51757
51758
51759
51760
51761
51762
51763
51764
51765
51766
51767
51768
51769
51770
51771
51772
51773
51774
51775
51776
51777
51778
51779
51780
51781
51782
51783
51784
51785
51786
51787
51788
51789
51790
51791
51792
51793
51794
51795
51796
51797
51798
51799
51800
51801
51802
51803
51804
51805
51806
51807
51808
51809
51810
51811
51812
51813
51814
51815
51816
51817
51818
51819
51820
51821
51822
51823
51824
51825
51826
51827
51828
51829
51830
51831
51832
51833
51834
51835
51836
51837
51839
51841
51843
51845
51847
51849
51851
51853
51855
51857
51859
51861
51863
51865
51867
51869
51871
51873
51875
51877
51879
51881
51883
51885
51887
51889
51891
51893
51895
51897
51899
51901
51903
51905
51907
51909
51911
51913
51915
51917
51919
51921
51923
51925
51927
51929
51931
51933
51935
51937
51939
51941
51943
51945
51947
51949
51951
51953
51955
51957
51959
51961
51963
51965
51967
51969
51971
51973
51975
51977
51979
51981
51983
51985
51987
51989
51991
51993
51995
51997
51999
52001
52003
52005
52007
52009
52011
52013
52015
52017
52019
52021
52023
52025
52027
52029
52031
52033
52035
52037
52039
52041
52043
52045
52047
52049
52051
52053
52055
52057
52059
52061
52063
52065
52067
52069
52071
52073
52075
52077
52079
52081
52083
52085
52087
52089
52091
52093
52095
52097
52099
52101
52103
52105
52107
52109
52111
52113
52114
52115
52116
52117
52118
52119
52120
52121
52122
52123
52124
52125
52126
52127
52128
52129
52130
52131
52132
52133
52134
52135
52136
52137
52138
52139
52140
52141
52142
52143
52144
52145
52146
52147
52148
52149
52150
52151
52152
52153
52154
52155
52156
52157
52158
52159
52160
52161
52162
52163
52164
52165
52166
52167
52168
52169
52170
52171
52172
52173
52174
52175
52176
52177
52178
52179
52180
52181
52182
52183
52184
52185
52186
52187
52188
52189
52190
52191
52192
52193
52194
52195
52196
52197
52198
52199
52200
52201
52202
52203
52204
52205
52206
52207
52208
52209
52210
52211
52212
52213
52214
52215
52216
52217
52218
52219
52220
52221
52222
52223
52224
52225
52226
52227
52228
52229
52230
52231
52232
52233
52234
52235
52236
52237
52238
52239
52240
52241
52242
52243
52244
52245
52246
52247
52248
52249
52250
52251
52252
52253
52254
52255
52256
52257
52258
52259
52260
52261
52262
52263
52264
52265
52266
52267
52268
52269
52270
52271
52272
52273
52274
52275
52276
52277
52278
52279
52280
52281
52282
52283
52285
52287
52289
52291
52293
52295
52297
52299
52301
52303
52305
52307
52309
52311
52313
52315
52317
52319
52321
52323
52325
52327
52329
52331
52333
52335
52337
52339
52341
52343
52345
52347
52349
52351
52353
52355
52357
52359
52361
52363
52365
52367
52369
52371
52373
52375
52377
52379
52381
52383
52385
52387
52389
52391
52393
52395
52397
52399
52401
52403
52405
52407
52409
52411
52413
52415
52417
52419
52421
52423
52425
52427
52429
52431
52433
52435
52437
52439
52441
52443
52445
52447
52449
52451
52453
52455
52457
52459
52461
52463
52465
52467
52469
52471
52473
52475
52477
52479
52481
52483
52485
52487
52489
52491
52493
52495
52497
52499
52501
52503
52505
52507
52509
52511
52513
52515
52517
52519
52521
52523
52525
52527
52529
52531
52533
52535
52537
52539
52541
52543
52545
52547
52549
52551
52553
52555
52557
52559
52561
52563
52565
52567
52569
52571
52573
52575
52577
52579
52581
52583
52585
52587
52589
52591
52593
52595
52597
52599
52601
52603
52605
52607
52609
52611
52613
52615
52617
52619
52621
52623
52625
52627
52629
52631
52633
52635
52637
52639
52641
52643
52645
52647
52649
52651
52653
52655
52657
52659
52661
52663
52665
52667
52669
52671
52673
52675
52677
52679
52681
52683
52685
52687
52689
52691
52693
52695
52697
52698
52699
52700
52701
52702
52703
52704
52705
52706
52707
52708
52709
52710
52711
52712
52713
52714
52715
52716
52717
52718
52719
52720
52721
52722
52723
52724
52725
52726
52727
52728
52729
52730
52731
52732
52733
52734
52735
52736
52737
52738
52781
52783
52785
52787
52789
52791
52793
52795
52797
52799
52801
52803
52805
52807
52809
52811
52813
52815
52817
52819
52821
52823
52825
52827
52829
53071
53073
53075
53077
53079
53081
53083
53085
53087
53089
53091
53093
53095
53097
53099
53101
53103
53105
53107
53109
53111
53113
53115
53117
53119
53121
53123
53125
53127
53129
53131
53133
53135
53137
53139
53141
53143
53145
53147
53149
53151
53153
53155
53157
53159
53161
53163
53165
53167
53169
53171
53173
53175
53177
53179
53181
53183
53185
53187
53189
53191
53193
53195
53197
53199
53201
53203
53205
53207
53209
53211
53213
53215
53217
53219
53221
53223
53225
53227
53229
53231
53233
53235
53237
53239
53241
53243
53245
53247
53249
53251
53253
53255
53257
53259
53261
53263
53265
53267
53269
53271
53273
53275
53277
53279
53281
53283
53285
53287
53289
53291
53293
53295
53297
53299
53301
53303
53305
53307
53309
53311
53313
53315
53317
53319
53421
53423
53425
53427
53429
53431
53433
53435
53437
53439
53441
53443
53445
53447
53449
53451
53453
53455
53457
53459
53461
53463
53465
53467
53469
53471
53473
53475
53477
53479
53481
53483
53485
53487
53489
53491
53493
53495
53497
53499
53501
53503
53505
53507
53509
53511
53513
53515
53517
53519
53571
53573
53575
53577
53579
53581
53583
53585
53587
53589
53591
53593
53595
53597
53599
53601
53603
53605
53607
53609
53611
53613
53615
53617
53619
53621
53623
53625
53627
53629
53631
53633
53635
53637
53639
53641
53643
53645
53647
53649
53651
53653
53655
53657
53659
53661
53663
53665
53667
53669
53671
53673
53675
53677
53679
53681
53683
53685
53687
53689
53691
53693
53695
53697
53699
53701
53703
53705
53707
53709
53711
53713
53715
53717
53719
53721
53723
53725
53727
53729
53731
53733
53735
53737
53739
53741
53743
53745
53747
53749
53751
53753
53755
53757
53759
53761
53763
53765
53767
53769
53771
53773
53775
53777
53779
53781
53783
53785
53787
53789
53791
53793
53795
53797
53799
53801
53803
53805
53807
53809
53811
53813
53815
53817
53819
53821
53823
53825
53827
53829
53831
53833
53835
53837
53839
53841
53843
53845
53847
53849
53851
53853
53855
53857
53859
53861
53863
53865
53867
53869
53871
53873
53875
53877
53879
53881
53883
53885
53887
53889
53891
53893
53895
53897
53899
53901
53903
53905
53907
53909
53911
53913
53915
53917
53919
53921
53923
53925
53927
53929
53931
53933
53935
53937
53939
53941
53943
53945
53947
53949
53951
53953
53955
53957
53959
53961
53963
53965
53967
53969
53971
53973
53975
53977
53979
53981
53983
53985
53987
53989
53991
53993
53995
53997
53999
54001
54003
54005
54007
54009
54011
54013
54059
54061
54063
54065
54067
54069
54071
54073
54075
54077
54079
54081
54083
54085
54087
54089
54091
54093
54095
54097
54099
54101
54103
54105
54107
54109
54111
54113
54115
54117
54169
54171
54173
54175
54177
54179
54181
54183
54185
54187
54189
54191
54193
54195
54197
54199
54201
54203
54205
54207
54209
54211
54213
54215
54217
54219
54221
54223
54225
54227
54229
54231
54233
54235
54237
54239
54241
54243
54245
54247
54249
54251
54253
54255
54257
54259
54261
54263
54265
54267
54269
54271
54273
54275
54277
54279
54281
54283
54285
54287
54289
54291
54293
54295
54297
54299
54301
54303
54305
54307
54309
54311
54313
54315
54317
54319
54321
54323
54325
54327
54329
54331
54333
54335
54337
54339
54341
54343
54345
54347
54349
54351
54353
54355
54357
54359
54361
54363
54365
54367
54369
54371
54373
54375
54377
54379
54381
54383
54385
54387
54389
54391
54393
54395
54397
54399
54401
54403
54405
54407
54409
54411
54413
54415
54417
54419
54421
54423
54425
54427
54429
54431
54433
54435
54437
54439
54441
54443
54445
54447
54449
54451
54453
54455
54457
54459
54461
54463
54465
54467
54469
54471
54473
54475
54477
54479
54481
54483
54485
54487
54489
54491
54493
54495
54497
54499
54501
54503
54505
54507
54509
54511
54513
54515
54517
54519
54521
54523
54525
54527
54529
54531
54533
54535
54537
54539
54541
54543
54545
54547
54549
54551
54553
54555
54557
54559
54561
54563
54565
54567
54569
54571
54573
54575
54577
54579
54581
54583
54585
54587
54589
54591
54593
54595
54597
54599
54647
54649
54651
54653
54655
54657
54659
54661
54663
54665
54667
54669
54671
54673
54675
54677
54679
54681
54683
54685
54687
54689
54691
54693
54695
54797
54799
54802
54805
54806
54807
54808
54809
54810
54811
54812
54813
54814
54815
54816
54817
54818
54819
54820
54821
54822
54823
54824
54825
54826
54827
54828
54829
54830
54831
54832
54833
54834
54835
54836
54837
54838
54839
54840
54841
54842
54843
54844
54845
54846
54847
54848
54849
54850
54851
54852
54853
54854
55155
55157
55159
55161
55163
55165
55167
55169
55171
55173
55175
55177
55179
55181
55183
55185
55187
55189
55191
55193
55195
55197
55199
55201
55203
55205
55207
55209
55211
55213
55215
55217
55219
55221
55223
55225
55227
55229
55231
55233
55235
55237
55239
55241
55243
55245
55247
55249
55251
55253
55255
55257
55259
55261
55263
55265
55267
55269
55271
55273
55275
55277
55279
55281
55283
55285
55287
55289
55291
55293
55295
55297
55299
55301
55303
55305
55306
55307
55308
55309
55310
55311
55312
55313
55314
55315
55316
55317
55318
55319
55320
55321
55322
55323
55324
55325
55326
55327
55328
55329
55330
55331
55332
55333
55334
55335
55336
55337
55338
55339
55340
55341
55342
55343
55344
55345
55346
55347
55348
55349
55350
55351
55352
55353
55354
55755
55756
55757
55758
55759
55760
55761
55762
55763
55764
55765
55766
55767
55768
55769
55770
55771
55772
55773
55774
55775
55776
55777
55778
55779
55780
55781
55782
55783
55784
55785
55786
55787
55788
55789
55790
55791
55792
55793
55794
55795
55796
55797
55798
55799
55800
55801
55802
55803
55804
55855
55856
55857
55858
55859
55860
55861
55862
55863
55864
55865
55866
55867
55868
55869
55870
55871
55872
55873
55874
55875
55876
55877
55878
55879
55880
55881
55882
55883
55884
55885
55886
55887
55888
55889
55890
55891
55892
55893
55894
55895
55896
55897
55898
55899
55900
55901
55902
55903
55904
55905
55906
55907
55908
55909
55910
55911
55912
55913
55914
55915
55916
55917
55918
55919
55920
55921
55922
55923
55924
55925
55926
55927
55928
55929
55930
55931
55932
55933
55934
55935
55936
55937
55938
55939
55940
55941
55942
55943
55944
55945
55946
55947
55948
55949
55950
55951
55952
55953
55954
55955
55956
55957
55958
55959
55960
55961
55962
55963
55964
55965
55966
55967
55968
55969
55970
55971
55972
55973
55974
55975
55976
55977
55978
55979
55980
55981
55982
55983
55984
55985
55986
55987
55988
55989
55990
55991
55992
55993
55994
55995
55996
55997
55998
55999
56000
56001
56002
56003
56004
56005
56006
56007
56008
56009
56010
56011
56012
56013
56014
56015
56016
56017
56018
56019
56020
56021
56022
56023
56024
56025
56026
56027
56028
56029
56030
56031
56032
56033
56034
56035
56036
56037
56038
56039
56040
56041
56042
56043
56044
56045
56046
56047
56048
56049
56050
56051
56052
56053
56054
56155
56157
56159
56161
56163
56165
56167
56169
56171
56173
56175
56177
56179
56181
56183
56185
56187
56189
56191
56193
56195
56197
56199
56201
56203
56205
56207
56209
56211
56213
56215
56217
56219
56221
56223
56225
56227
56229
56231
56233
56235
56237
56239
56241
56243
56245
56247
56249
56251
56253
56255
56257
56259
56261
56263
56265
56267
56269
56271
56273
56275
56277
56279
56281
56283
56285
56287
56289
56291
56293
56295
56297
56299
56301
56303
56305
56306
56307
56308
56309
56310
56311
56312
56313
56314
56315
56316
56317
56318
56319
56320
56321
56322
56323
56324
56325
56326
56327
56328
56329
56330
56331
56332
56333
56334
56335
56336
56337
56338
56339
56340
56341
56342
56343
56344
56345
56346
56347
56348
56349
56350
56351
56352
56353
56354
56355
56357
56359
56361
56363
56365
56367
56369
56371
56373
56375
56377
56379
56381
56383
56385
56387
56389
56391
56393
56395
56397
56399
56401
56403
56405
56407
56409
56411
56413
56415
56417
56419
56421
56423
56425
56427
56429
56431
56433
56435
56437
56439
56441
56443
56445
56447
56449
56451
56453
56455
56456
56457
56458
56459
56460
56461
56462
56463
56464
56465
56466
56467
56468
56469
56470
56471
56472
56473
56474
56475
56476
56477
56478
56479
56480
56481
56482
56483
56484
56485
56486
56487
56488
56489
56490
56491
56492
56493
56494
56495
56496
56497
56498
56499
56500
56501
56502
56503
56504
56505
56506
56507
56508
56509
56510
56511
56512
56513
56514
56515
56516
56517
56518
56519
56520
56521
56522
56523
56524
56525
56526
56527
56528
56529
56530
56531
56532
56533
56534
56535
56536
56537
56538
56539
56540
56541
56542
56543
56544
56545
56546
56547
56548
56549
56550
56551
56552
56553
56554
56555
56556
56557
56558
56559
56560
56561
56562
56563
56564
56565
56566
56567
56568
56569
56570
56571
56572
56573
56574
56575
56576
56577
56578
56579
56580
56581
56582
56583
56584
56585
56586
56587
56588
56589
56590
56591
56592
56593
56594
56595
56596
56597
56598
56599
56600
56601
56602
56603
56604
56605
56607
56609
56611
56613
56615
56617
56619
56621
56623
56625
56627
56629
56631
56633
56635
56637
56639
56641
56643
56645
56647
56649
56651
56653
56655
56657
56659
56661
56663
56665
56667
56669
56671
56673
56675
56677
56679
56681
56683
56685
56687
56689
56691
56693
56695
56697
56699
56701
56703
56755
56756
56757
56758
56759
56760
56761
56762
56763
56764
56765
56766
56767
56768
56769
56770
56771
56772
56773
56774
56775
56776
56777
56778
56779
56780
56781
56782
56783
56784
56785
56786
56787
56788
56789
56790
56791
56792
56793
56794
56795
56796
56797
56798
56799
56800
56801
56802
56803
56804
56805
56807
56809
56811
56813
56815
56817
56819
56821
56823
56825
56827
56829
56831
56833
56835
56837
56839
56841
56843
56845
56847
56849
56851
56853
56855
57107
57109
57111
57113
57115
57117
57119
57121
57123
57125
57127
57129
57131
57133
57135
57137
57139
57141
57143
57145
57147
57149
57151
57153
57155
57157
57159
57161
57163
57165
57167
57169
57171
57173
57175
57177
57179
57181
57183
57185
57187
57189
57191
57193
57195
57197
57199
57201
57203
57205
57207
57209
57211
57213
57215
57217
57219
57221
57223
57225
57227
57229
57231
57233
57235
57237
57239
57241
57243
57245
57247
57249
57251
57253
57255
57257
57259
57261
57263
57265
57267
57269
57271
57273
57275
57277
57279
57281
57283
57285
57287
57289
57291
57293
57295
57297
57299
57301
57303
57305
57307
57309
57311
57313
57315
57317
57319
57321
57323
57325
57327
57329
57331
57333
57335
57337
57339
57341
57343
57345
57347
57349
57351
57353
57355
57407
57409
57411
57413
57415
57417
57419
57421
57423
57425
57427
57429
57431
57433
57435
57437
57439
57441
57443
57445
57447
57449
57451
57453
57455
59855
59856
59857
59858
59859
59860
59861
59862
59863
59864
59865
59866
59867
59868
59869
59870
59871
59872
59873
59874
59875
59876
59877
59878
59879
59880
59881
59882
59883
59884
59885
59886
59887
59888
59889
59890
59891
59892
59893
59894
59895
59896
59897
59898
59899
59900
59901
59902
59903
59904
59905
59907
59909
59911
59913
59915
59917
59919
59921
59923
59925
59927
59929
59931
59933
59935
59937
59939
59941
59943
59945
59947
59949
59951
59953
59955
59957
59959
59961
59963
59965
59967
59969
59971
59973
59975
59977
59979
59981
59983
59985
59987
59989
59991
59993
59995
59997
59999
